[-1.6378609601942133, 2.6209845154754428, 0, -0.5699575826886848]
[-1.6378609601942133, 2.6209845154754428, 2, -0.4265263312801474]
[-1.6378609601942133, 2.6209845154754428, 1, -0.41944258485669417]
[-1.6378609601942133, 2.6209845154754428, 5, -0.3711407093994505]
[-1.6378609601942133, 2.6209845154754428, 3, -0.3640569629759974]
[-1.6378609601942133, 2.6209845154754428, 6, -0.3376673145841438]
[-1.6378609601942133, 2.6209845154754428, 16, -0.33525062580472287]
[-1.6378609601942133, 2.6209845154754428, 10, -0.33464936796345357]
[-1.6378609601942133, 2.6209845154754428, 17, -0.3228388339422068]
[-1.6378609601942133, 2.6209845154754428, 11, -0.3157550875187537]
[-1.6378609601942133, 2.6209845154754428, 4, -0.31560195647196915]
[-1.6378609601942133, 2.6209845154754428, 18, -0.31109828601744527]
[-1.6378609601942133, 2.6209845154754428, 7, -0.3086713410953005]
[-1.6378609601942133, 2.6209845154754428, 19, -0.2999600886618692]
[-1.6378609601942133, 2.6209845154754428, 12, -0.29837403438914767]
[-1.6378609601942133, 2.6209845154754428, 8, -0.2830950798716098]
[-1.6378609601942133, 2.6209845154754428, 13, -0.28228169270344694]
[-1.6378609601942133, 2.6209845154754428, 14, -0.26730008101472535]
[-1.6378609601942133, 2.6209845154754428, 9, -0.26021633459127225]
[-1.6378609601942133, 2.6209845154754428, 15, -0.25328571921460363]
[0.6162208122936281, 3.4244941253864765, 0, 0.010362722723455278]
[0.6162208122936281, 3.4244941253864765, 0, 0.010362722723455278]
[-3.01930063282076, 1.654082129166956, 0, 0.01124944523611254]
[-2.9558107464067986, 0.9884634398962877, 0, 0.011383927026333956]
[0.6162208122936281, 3.4244941253864765, 0, 0.011499574724979297]
[0.6162208122936281, 3.4244941253864765, 0, 0.011499574724979297]
[-2.9558107464067986, 0.9884634398962877, 0, 0.011536895737492217]
[-1.582736623636536, 2.6051227288486976, 0, 0.011735242715253153]
[-1.6378609601942133, 2.6209845154754428, 0, 0.011918161196847219]
[0.6162208122936281, 2.6209845154754428, 0, 0.029115962715831403]
[0.4515316411322883, 2.4558663582855695, 0, 0.030201305479604576]
[0.17747186602709242, 2.6209845154754428, 0, 0.030571389673774672]
[-1.6378609601942133, 2.5635214533019086, 0, 0.03696618159860872]
[1.9339494582617336, 2.4013988852133137, 0, 0.03715127023397637]
[-1.6378609601942133, 2.6209845154754428, 0, 0.03752647204906165]
[-3.01930063282076, 1.654082129166956, 0, 0.03824561075042634]
[0.6162208122936281, 3.4244941253864765, 1, 0.16087772055544589]
[0.6162208122936281, 3.4244941253864765, 1, 0.16087772055544589]
[-2.9558107464067986, 0.9884634398962877, 1, 0.16144755860677715]
[-3.01930063282076, 1.654082129166956, 1, 0.16149832322596003]
[-3.01930063282076, 1.654082129166956, 1, 0.16166998151537967]
[0.6162208122936281, 3.4244941253864765, 1, 0.16201457255696988]
[0.6162208122936281, 3.4244941253864765, 1, 0.16201457255696988]
[-1.6378609601942133, 2.6209845154754428, 1, 0.16243315902883781]
[0.11893661527296961, 2.384893693165564, 1, 0.17925540842818732]
[0.6162208122936281, 2.6209845154754428, 1, 0.18325971978212643]
[-2.9558107464067986, 0.9884634398962877, 1, 0.1853572062783631]
[0.6162208122936281, 3.4382183407781293, 1, 0.19289493562940202]
[0.6162208122936281, 3.4244941253864765, 2, 0.24892335008328648]
[0.6162208122936281, 3.4244941253864765, 2, 0.24892335008328648]
[-3.01930063282076, 1.654082129166956, 2, 0.24981007259594373]
[-2.9558107464067986, 0.9884634398962877, 2, 0.24994455438616514]
[0.6162208122936281, 3.4244941253864765, 2, 0.2500602020848105]
[0.6162208122936281, 3.4244941253864765, 2, 0.2500602020848105]
[-2.9558107464067986, 0.9884634398962877, 2, 0.2500975230973234]
[-1.6378609601942133, 2.6209845154754428, 2, 0.25047878855667843]
[0.6127897878944335, 2.546151820295229, 2, 0.2686264935041064]
[0.6162208122936281, 2.5487252521986177, 2, 0.268666826575827]
[0.5612179353399256, 2.6209845154754428, 2, 0.2692911181445552]
[0.6162208122936281, 2.5375743181946806, 2, 0.27025145862707106]
[0.6165566127601574, 2.6209845154754428, 2, 0.27130626818489306]
[-1.6378609601942133, 2.549790580863804, 2, 0.273550985132952]
[-3.01930063282076, 1.654082129166956, 2, 0.2768062381102575]
[0.6162208122936281, 3.42877621775426, 2, 0.2791652926329982]
[0.5581287843874598, 3.4244941253864765, 2, 0.2806797493825549]
[0.6162208122936281, 3.4244941253864765, 3, 0.3113927183874365]
[0.6162208122936281, 3.4244941253864765, 3, 0.3113927183874365]
[-2.9558107464067986, 0.9884634398962877, 3, 0.31196255643876775]
[-3.01930063282076, 1.654082129166956, 3, 0.31201332105795065]
[-3.01930063282076, 1.654082129166956, 3, 0.3121849793473703]
[0.6162208122936281, 3.4244941253864765, 3, 0.3125295703889605]
[0.6162208122936281, 3.4244941253864765, 3, 0.3125295703889605]
[-1.6378609601942133, 2.6209845154754428, 3, 0.31275588432736295]
[-1.6378609601942133, 2.6209845154754428, 3, 0.31294815686082844]
[0.118910746209687, 2.5482962694421634, 3, 0.33066299858200393]
[0.17402827684127953, 2.6209845154754428, 3, 0.331601483971356]
[0.6107257075727377, 2.6209845154754428, 3, 0.3318549261815739]
[0.6162208122936281, 2.6209845154754428, 3, 0.3320513930253031]
[0.6162208122936281, 2.6297763977035045, 3, 0.33388469578478996]
[-2.9558107464067986, 0.9884634398962877, 3, 0.33587220411035373]
[-1.6378609601942133, 2.6209845154754428, 3, 0.3365284582948176]
[0.6162208122936281, 3.4244941253864765, 3, 0.3432549637240295]
[0.6162208122936281, 3.4244941253864765, 4, 0.3598477248914647]
[0.6162208122936281, 3.4244941253864765, 4, 0.3598477248914647]
[-3.01930063282076, 1.654082129166956, 4, 0.36073444740412197]
[-2.9558107464067986, 0.9884634398962877, 4, 0.3608689291943434]
[0.6162208122936281, 3.4244941253864765, 4, 0.36098457689298874]
[0.6162208122936281, 3.4244941253864765, 4, 0.36098457689298874]
[-2.9558107464067986, 0.9884634398962877, 4, 0.36102189790550165]
[-1.756235496772792, 2.6209845154754428, 4, 0.36118503495420023]
[-1.6378609601942133, 2.6209845154754428, 4, 0.36140316336485667]
[0.6162208122936281, 2.6207700764504933, 4, 0.38222703917712997]
[-3.01930063282076, 1.654082129166956, 4, 0.38773061291843575]
[0.6162208122936281, 3.4244941253864765, 5, 0.39943834791527705]
[0.6162208122936281, 3.4244941253864765, 5, 0.39943834791527705]
[-2.9558107464067986, 0.9884634398962877, 5, 0.4000081859666083]
[-3.01930063282076, 1.654082129166956, 5, 0.4000589505857912]
[-3.01930063282076, 1.654082129166956, 5, 0.40023060887521084]
[0.6162208122936281, 3.4244941253864765, 5, 0.4005751999168011]
[0.6162208122936281, 3.4244941253864765, 5, 0.4005751999168011]
[-1.6348462490583002, 2.6209845154754428, 5, 0.4008021665610322]
[-1.1437063308563098, 2.6209845154754428, 5, 0.4009010908993117]
[-1.6378609601942133, 2.6209845154754428, 5, 0.400993786388669]
[-2.9558107464067986, 0.9884634398962877, 5, 0.4239178336381943]
[0.11153509866996236, 3.4242796830894475, 5, 0.43072840459127015]
[0.6162208122936281, 3.4244941253864765, 6, 0.43291174273058375]
[0.6162208122936281, 3.4244941253864765, 6, 0.43291174273058375]
[-3.01930063282076, 1.654082129166956, 6, 0.433798465243241]
[-2.9558107464067986, 0.9884634398962877, 6, 0.4339329470334624]
[0.6162208122936281, 3.4244941253864765, 6, 0.4340485947321078]
[0.6162208122936281, 3.4244941253864765, 6, 0.4340485947321078]
[-2.9558107464067986, 0.9884634398962877, 6, 0.4340859157446207]
[-1.6378609601942133, 2.6209845154754428, 6, 0.4344671812039757]
[0.559498221789803, 2.557507213480579, 6, 0.45433931544549266]
[0.6107258122792931, 2.5613704534511186, 6, 0.4545270285475683]
[-3.01930063282076, 1.654082129166956, 6, 0.4607946307575548]
[0.6162208122936281, 3.4244941253864765, 7, 0.46190771621942706]
[0.6162208122936281, 3.4244941253864765, 7, 0.46190771621942706]
[-2.9558107464067986, 0.9884634398962877, 7, 0.4623009644041887]
[-3.01930063282076, 1.654082129166956, 7, 0.4627944387320843]
[0.6162208122936281, 3.4244941253864765, 7, 0.4630445682209511]
[0.6162208122936281, 3.4244941253864765, 7, 0.4630445682209511]
[0.6162208122936281, 3.4244941253864765, 7, 0.4630445682209511]
[-1.6378609601942133, 1.9612627374229374, 7, 0.46310849101785356]
[0.6162208122936281, 3.4244941253864765, 7, 0.4631494596533707]
[-1.6378609601942133, 2.6209845154754428, 7, 0.463463154692819]
[0.1735926975718507, 3.4946091031203608, 6, 0.4636133433495564]
[0.6056931964125054, 3.4244941253864765, 6, 0.4647536528378373]
[-1.6378609601942133, 1.9909693450324708, 7, 0.48295136593827953]
[0.6162208122936281, 3.4244941253864765, 8, 0.4874839774431177]
[0.6162208122936281, 3.4244941253864765, 8, 0.4874839774431177]
[0.6162208122936281, 3.4244941253864765, 8, 0.4874839774431177]
[-3.01930063282076, 1.654082129166956, 8, 0.4881045801136319]
[-3.01930063282076, 1.654082129166956, 8, 0.4882762384030515]
[0.6162208122936281, 3.4244941253864765, 8, 0.48862082944464175]
[0.6162208122936281, 3.4244941253864765, 8, 0.48862082944464175]
[-1.1950452178697653, 2.5746656729979973, 8, 0.48893228267633726]
[-1.6378609601942133, 2.6209845154754428, 8, 0.4890394159165097]
[-3.01930063282076, 1.654082129166956, 7, 0.4897906042463981]
[1.8786165527903549, 2.593321763462063, 7, 0.4901753530848879]
[0.6110709250850714, 3.4148376680442123, 7, 0.49198207099363467]
[0.6162208122936281, 2.6209845154754428, 8, 0.5081448544550796]
[0.6160197822518976, 2.5099015732494427, 8, 0.5084573360425064]
[0.4432757452158862, 2.5768100632474935, 8, 0.5088893076224402]
[0.6162208122936281, 3.4244941253864765, 9, 0.5103627227234553]
[0.6162208122936281, 3.4244941253864765, 9, 0.5103627227234553]
[-3.01930063282076, 1.654082129166956, 9, 0.5112494452361125]
[0.6162208122936281, 3.4244941253864765, 9, 0.5114995747249793]
[0.6162208122936281, 3.4244941253864765, 9, 0.5114995747249793]
[0.6162208122936281, 3.4244941253864765, 9, 0.5114995747249793]
[0.6162208122936281, 3.4244941253864765, 9, 0.5116044661573989]
[-1.7545367507103384, 2.6209845154754428, 9, 0.5117004068145782]
[-1.6378609601942133, 2.6209845154754428, 9, 0.5119181611968472]
[0.6162208122936281, 3.4244941253864765, 8, 0.5193007480101001]
[0.6162208122936281, 3.4244941253864765, 10, 0.5310590653025677]
[0.6162208122936281, 3.4244941253864765, 10, 0.5310590653025677]
[0.6162208122936281, 3.4244941253864765, 10, 0.5310590653025677]
[-3.01930063282076, 1.654082129166956, 10, 0.5317960479253997]
[0.17704623388040286, 2.6191617772192117, 9, 0.5319377007925662]
[0.6162208122936281, 3.4244941253864765, 10, 0.5321959173040918]
[0.6162208122936281, 3.4244941253864765, 10, 0.5321959173040918]
[0.6162208122936281, 3.4244941253864765, 10, 0.5321959173040918]
[0.6162208122936281, 3.4244941253864765, 10, 0.5323008087365113]
[-1.6378609601942133, 2.6209845154754428, 10, 0.5326145037759596]
[-3.01930063282076, 1.654082129166956, 9, 0.5382456107504263]
[0.5613050511938118, 2.3614060692297194, 10, 0.5482175048125544]
[0.6162208122936281, 3.4244941253864765, 11, 0.5499533457472676]
[0.6162208122936281, 3.4244941253864765, 11, 0.5499533457472676]
[0.6162208122936281, 3.4244941253864765, 11, 0.5499533457472676]
[0.6162208122936281, 3.4244941253864765, 11, 0.5510901977487916]
[0.6162208122936281, 3.4244941253864765, 11, 0.5510901977487916]
[0.6162208122936281, 3.4244941253864765, 11, 0.5510901977487916]
[0.6162208122936281, 3.4244941253864765, 11, 0.5511950891812112]
[-1.6378609601942133, 2.6209845154754428, 11, 0.5515087842206595]
[0.6162208122936281, 2.6064026617788665, 10, 0.5532582124552534]
[-1.6378609601942133, 2.6209845154754428, 10, 0.5563617394803744]
[-1.6378609601942133, 2.6209845154754428, 10, 0.5582228146281741]
[0.17349876270356068, 3.4244941253864765, 10, 0.5623783571618136]
[0.6162208122936281, 3.4244941253864765, 10, 0.56287583586955]
[0.6162208122936281, 3.4244941253864765, 12, 0.5673343988768736]
[0.6162208122936281, 3.4244941253864765, 12, 0.5673343988768736]
[0.6162208122936281, 3.4244941253864765, 12, 0.5673343988768736]
[0.6162208122936281, 3.4244941253864765, 12, 0.5684712508783977]
[0.6162208122936281, 3.4244941253864765, 12, 0.5684712508783977]
[0.6162208122936281, 3.4244941253864765, 12, 0.5684712508783977]
[0.6162208122936281, 3.4244941253864765, 12, 0.5685761423108172]
[-1.6378609601942133, 2.6209845154754428, 12, 0.5686975648168001]
[-1.5798485092699603, 2.6040437147095457, 12, 0.5687073704377841]
[-1.6378609601942133, 2.6209845154754428, 12, 0.5688898373502655]
[0.6127705284324447, 2.587324289777876, 11, 0.5719027917047189]
[0.5580842775573611, 2.6312841851860016, 11, 0.572313063319364]
[0.6162208122936281, 3.4244941253864765, 11, 0.5817701163142499]
[0.6162208122936281, 3.4244941253864765, 11, 0.5818155910838606]
[0.6162208122936281, 3.4244941253864765, 13, 0.5834267405625744]
[0.6162208122936281, 3.4244941253864765, 13, 0.5834267405625744]
[0.6162208122936281, 3.4244941253864765, 13, 0.5834267405625744]
[0.6162208122936281, 3.4244941253864765, 13, 0.5845635925640984]
[0.6162208122936281, 3.4244941253864765, 13, 0.5845635925640984]
[0.6162208122936281, 3.4244941253864765, 13, 0.5845635925640984]
[0.6162208122936281, 3.4244941253864765, 13, 0.5846684839965179]
[-1.638069535652075, 2.5476462642361044, 13, 0.5847773070302101]
[-1.6380962554561176, 2.619161675784736, 13, 0.5847895562475227]
[-1.6378609601942133, 2.6209845154754428, 13, 0.5849821790359663]
[0.1221532988096099, 2.6289187463102612, 12, 0.5856164255146993]
[0.6162208122936281, 3.4244941253864765, 14, 0.598408352251296]
[0.6162208122936281, 3.4244941253864765, 14, 0.598408352251296]
[0.6162208122936281, 3.4244941253864765, 14, 0.598408352251296]
[-2.9558208047802528, 1.6675951939739075, 12, 0.5985816024334291]
[0.12009674427156547, 3.4244941253864765, 12, 0.5986298925747262]
[0.6162208122936281, 3.4244941253864765, 12, 0.5991511694438559]
[0.6162208122936281, 3.4244941253864765, 14, 0.59954520425282]
[0.6162208122936281, 3.4244941253864765, 14, 0.59954520425282]
[0.6162208122936281, 3.4244941253864765, 14, 0.59954520425282]
[0.6162208122936281, 3.4244941253864765, 14, 0.5996500956852395]
[-1.6447230089926026, 2.1597260026605714, 14, 0.5996701414698217]
[-1.6378609601942133, 2.6209845154754428, 14, 0.5999637907246879]
[0.6162208122936281, 2.6293543386680094, 13, 0.6041907547002937]
[0.6162208122936281, 2.5392831291747484, 13, 0.604776641360942]
[-1.5919743594647509, 2.6209845154754428, 13, 0.6084118589944862]
[-1.6378609601942133, 2.538003314039454, 13, 0.6097815223970765]
[-1.6378609601942133, 2.5609414706946634, 13, 0.6100050534062821]
[0.6162208122936281, 3.4244941253864765, 15, 0.6124227140514177]
[0.6162208122936281, 3.4244941253864765, 15, 0.6124227140514177]
[0.6162208122936281, 3.4244941253864765, 15, 0.6124227140514177]
[0.6162208122936281, 3.4244941253864765, 15, 0.6135595660529417]
[0.6162208122936281, 3.4244941253864765, 15, 0.6135595660529417]
[0.6162208122936281, 3.4244941253864765, 15, 0.6135595660529417]
[0.6162208122936281, 3.4244941253864765, 15, 0.6136644574853612]
[-1.6378609601942133, 2.602978233892646, 15, 0.6137828904811392]
[-1.6378609601942133, 2.6209845154754428, 15, 0.6139781525248096]
[0.6162208122936281, 3.4244941253864765, 13, 0.6152435111295567]
[1.7652620542036264, 2.605116014540849, 14, 0.623808889139016]
[0.6162208122936281, 3.4244941253864765, 16, 0.6255871834125922]
[0.6162208122936281, 3.4244941253864765, 16, 0.6255871834125922]
[0.6162208122936281, 3.4244941253864765, 16, 0.6255871834125922]
[0.6162208122936281, 3.4244941253864765, 16, 0.6267240354141163]
[0.6162208122936281, 3.4244941253864765, 16, 0.6267240354141163]
[0.6162208122936281, 3.4244941253864765, 16, 0.6267240354141163]
[0.6162208122936281, 3.4244941253864765, 16, 0.6268289268465358]
[-1.6378609601942133, 2.6209845154754428, 16, 0.6269503493525187]
[-1.6378609601942133, 2.6209845154754428, 16, 0.6271426218859841]
[0.16468927668591427, 3.410656211764249, 14, 0.6295638963147745]
[0.6162208122936281, 3.4244941253864765, 14, 0.6302251228182782]
[0.6162215517836733, 3.4244941253864765, 14, 0.6302705990003795]
[0.6109670561823615, 2.6209845154754428, 15, 0.6330728497337282]
[0.5028896829011771, 2.56266369720211, 15, 0.6337767472777922]
[0.6162208122936281, 2.6209845154754428, 15, 0.6348047132780983]
[0.6162208122936281, 3.4244941253864765, 17, 0.6379989752751083]
[0.6162208122936281, 3.4244941253864765, 17, 0.6379989752751083]
[0.6162208122936281, 3.4244941253864765, 17, 0.6379989752751083]
[0.6162208122936281, 3.4244941253864765, 17, 0.6391358272766323]
[0.6162208122936281, 3.4244941253864765, 17, 0.6391358272766323]
[0.6162208122936281, 3.4244941253864765, 17, 0.6391358272766323]
[0.6162208122936281, 3.4244941253864765, 17, 0.6392407187090519]
[-1.6395764723938107, 2.6209845154754428, 17, 0.6393617698398549]
[-1.6378609601942133, 2.6209845154754428, 17, 0.6395544137485002]
[-1.6447230089926026, 2.6209845154754428, 15, 0.6396324721626166]
[0.6162208122936281, 3.4244941253864765, 15, 0.6442394846184]
[0.6162208122936281, 3.4244941253864765, 18, 0.6497395231998698]
[0.6162208122936281, 3.4244941253864765, 18, 0.6497395231998698]
[0.6162208122936281, 3.4244941253864765, 18, 0.6508763752013939]
[0.6162208122936281, 3.4244941253864765, 18, 0.6508763752013939]
[0.6162208122936281, 3.4244941253864765, 18, 0.6508763752013939]
[0.6162208122936281, 3.4244941253864765, 18, 0.6509812666338134]
[-1.6378609601942133, 2.6209845154754428, 18, 0.6511026891397963]
[-1.6378609601942133, 2.758547025641616, 18, 0.6511793914560331]
[-1.6378609601942133, 2.758547025641616, 18, 0.6512564115639033]
[-1.6378609601942133, 2.6209845154754428, 18, 0.6512949616732617]
[2.3143641903600356, 2.6209845154754428, 16, 0.6547989467544082]
[0.6162208122936281, 3.4244941253864765, 16, 0.6574039539795745]
[0.6162208122936281, 2.6209845154754428, 17, 0.6603809745017888]
[0.5613043247920855, 2.6347085999839024, 17, 0.6604097429999178]
[0.6162208122936281, 3.4244941253864765, 19, 0.6608777205554459]
[0.6162208122936281, 3.4244941253864765, 19, 0.6608777205554459]
[0.6162208122936281, 3.4244941253864765, 19, 0.6621194639893895]
[-1.6378609601942133, 2.758547025641616, 19, 0.6622619177442166]
[-1.6378609601942133, 2.6209845154754428, 19, 0.6624331590288378]
[0.6162208122936281, 3.4244941253864765, 17, 0.6681923170513462]
[0.6162208122936281, 3.4244941253864765, 17, 0.6698157458420906]
[0.6162208122936281, 3.4244941253864765, 20, 0.6714723700904149]
[-1.6378609601942133, 2.6209845154754428, 20, 0.6730278085638068]
[-1.143981087401186, 3.2046941248130745, 18, 0.6801564542643752]
[2.314591194171604, 2.5916130571885496, 18, 0.6810449896809805]
[0.5578673255750877, 2.6209845154754428, 19, 0.6814263326926823]
[0.17735208172799943, 2.5660880072934553, 19, 0.6817417813631347]
[-3.025386807681519, -1.0682337281084489, 19, 0.6863178203893706]
[-3.025386807681519, -1.0682337281084489, 19, 0.6882287929164888]
[3.414436941333289, -0.55535714461121, 19, 0.6925406411225771]
[3.414436941333289, -0.55535714461121, 19, 0.6925406411225771]
[0.6162208122936281, 3.4244941253864765, 19, 0.6927399658920389]
[-3.025386807681519, -1.0682337281084489, 20, 0.6969124699243396]
[3.414436941333289, -0.55535714461121, 20, 0.7030065187468071]
[-3.0703345947131364, 2.5652370571197416, 0, 100.0]
[0.6162208122936281, -1.859286788530646, 0, 100.0]
[2.3129694925012627, 3.4244941253864765, 0, 100.0]
[-2.905832952992073, 2.565236965501506, 1, 100.15051499783199]
[-1.6447230089926026, 1.523914395119303, 1, 100.15051499783199]
[-1.6381767551645496, 0.7755288501833189, 1, 100.15051499783199]
[-1.5830659257524868, 3.4244941253864765, 1, 100.15051499783199]
[-1.5830458286380575, 3.4416492604707694, 1, 100.15051499783199]
[-1.1404829461001396, 3.4244941253864765, 1, 100.15051499783199]
[2.3611219430841963, 3.4244941253864765, 1, 100.15051499783199]
[-1.6378609601942133, 3.411192217708387, 2, 100.23856062735983]
[-1.6378609601942133, 3.4849660482171556, 2, 100.23856062735983]
[0.5545436188507633, 1.7774917896615259, 3, 100.30102999566398]
[-3.3364533330574293, 2.6209845154754428, 4, 100.34948500216801]
[-2.9557972458053436, 2.6209845154754428, 4, 100.34948500216801]
[-1.6378609601942133, 3.4244941253864765, 4, 100.34948500216801]
[-1.6378609601942133, 3.4244941253864765, 4, 100.34948500216801]
[-1.6378609601942133, 3.4405704557447265, 4, 100.34948500216801]
[0.6162208122936281, 0.6007610955665834, 4, 100.34948500216801]
[0.6162208122936281, 3.4660886080955002, 4, 100.34948500216801]
[2.3148802824262162, 3.4244941253864765, 4, 100.34948500216801]
[-3.341780063093477, 2.6209845154754428, 5, 100.38907562519182]
[-1.7493726103219616, -0.7477387700907547, 5, 100.38907562519182]
[-1.6378609601942133, -0.6450224722317475, 5, 100.38907562519182]
[-1.6378609601942133, 3.1952522030221155, 5, 100.38907562519182]
[-1.19491705704626, 0.8089714040410465, 5, 100.38907562519182]
[-1.1440883003695013, 3.512407437484627, 5, 100.38907562519182]
[0.5064279268128464, 3.508339888848349, 5, 100.38907562519182]
[-3.458365256262757, 2.1715203191809547, 6, 100.42254902000712]
[-2.9075686735568143, -2.662360948419405, 6, 100.42254902000712]
[-1.644726366146527, -3.51326165319403, 6, 100.42254902000712]
[-1.6378609601942133, 0.7823808373361745, 6, 100.42254902000712]
[1.8754201757812536, -0.9605760972302275, 6, 100.42254902000712]
[-3.5043181362416305, 2.6209845154754428, 7, 100.45154499349597]
[-3.5030758060530807, 2.6345008621784824, 7, 100.45154499349597]
[-1.5866033385558747, 3.5072609925040714, 7, 100.45154499349597]
[2.3727913839492434, 3.482607218942709, 7, 100.45154499349597]
[-3.3394152524570675, 3.483679414067457, 8, 100.47712125471966]
[-2.952051257544095, 2.550011899436635, 8, 100.47712125471966]
[-1.6380493338310904, 3.4244941253864765, 8, 100.47712125471966]
[-1.6378609601942133, 3.4244941253864765, 8, 100.47712125471966]
[-1.1435731506623172, 3.4244941253864765, 8, 100.47712125471966]
[0.055245796979672246, -0.07001417395197196, 8, 100.47712125471966]
[-3.504788072349468, 3.4244941253864765, 9, 100.5]
[-3.4034388150943156, 2.5901051911761366, 9, 100.5]
[-3.0175825029572843, 2.56630256411328, 9, 100.5]
[-2.952358675990019, -3.0733400507711983, 9, 100.5]
[-1.634517784594791, 0.4199822586855717, 9, 100.5]
[-1.5826503519792514, 0.10990000274076106, 9, 100.5]
[-1.255305934490385, 3.510477473171761, 9, 100.5]
[0.12215414300621052, -3.5132584007466603, 9, 100.5]
[-3.5133689839572195, -3.1814173667909853, 10, 100.52069634257911]
[-3.3967099595782386, -3.4000311468010795, 10, 100.52069634257911]
[0.11839726526322591, -0.10978927065056876, 10, 100.52069634257911]
[0.5062202937139819, 2.0920705344620307, 10, 100.52069634257911]
[-3.511220405445517, 3.46630974833998, 11, 100.53959062302381]
[-3.4464605463124456, 2.6209845154754428, 11, 100.53959062302381]
[-3.0705490468264056, -3.0716245925609185, 11, 100.53959062302381]
[-1.6378609601942133, -3.513261757900585, 11, 100.53959062302381]
[-1.6378609601942133, 3.425780877331049, 11, 100.53959062302381]
[-1.1405969649945393, -0.8714801376799635, 11, 100.53959062302381]
[2.3728047863883024, 3.494830138658285, 11, 100.53959062302381]
[-3.5092945246883014, 2.6209845154754428, 12, 100.55697167615342]
[-3.3380617173627876, -1.334986675693333, 12, 100.55697167615342]
[-1.638196027714857, 0.21958556236647242, 12, 100.55697167615342]
[0.6162208122936281, -1.2065378011829617, 12, 100.55697167615342]
[2.3145711886754103, 3.4244941253864765, 12, 100.55697167615342]
[-3.3948780006009938, 3.4244941253864765, 13, 100.57306401783912]
[0.6162208122936281, 1.696963403085511, 13, 100.57306401783912]
[-3.511221243097958, -3.074197857588235, 14, 100.58804562952784]
[-3.391567493446778, 2.5495763201672066, 14, 100.58804562952784]
[-2.955581969127953, 3.4939656682506373, 14, 100.58804562952784]
[-1.6447364179758217, -3.1839906350903813, 14, 100.58804562952784]
[-1.6378609601942133, -3.505220297737053, 14, 100.58804562952784]
[-1.1401211784079326, -1.1717986267878389, 14, 100.58804562952784]
[-2.9522591066002297, 3.43800388866486, 15, 100.60205999132796]
[-2.900364856018252, 2.6209845154754428, 15, 100.60205999132796]
[-1.6378609601942133, 0.44271271843635907, 15, 100.60205999132796]
[-1.6378609601942133, 3.4244941253864765, 15, 100.60205999132796]
[1.930383473657109, -1.1471414388111554, 15, 100.60205999132796]
[-3.511653471757622, 3.4244941253864765, 16, 100.61522446068913]
[-3.5060604533193462, 0.8534706821797133, 16, 100.61522446068913]
[-3.5060444463047276, -1.859605116090785, 16, 100.61522446068913]
[-1.7478891213044199, 3.4244941253864765, 16, 100.61522446068913]
[-1.6378609601942133, 0.08878128772133609, 16, 100.61522446068913]
[-1.6378609601942133, 3.4244941253864765, 16, 100.61522446068913]
[-1.6378609601942133, 3.4244941253864765, 16, 100.61522446068913]
[1.930215943168867, 3.456224412947816, 16, 100.61522446068913]
[-3.5043382333560595, 2.3988256316382772, 17, 100.62763625255165]
[-1.7545233351829597, 3.4800272494237836, 17, 100.62763625255165]
[-1.6378609601942133, -0.09595810078490885, 17, 100.62763625255165]
[-1.6378609601942133, 3.4525790411419077, 17, 100.62763625255165]
[-1.6376197228353049, 3.4244941253864765, 17, 100.62763625255165]
[0.6162208122936281, 1.8819202343860066, 17, 100.62763625255165]
[-3.5133689839572195, -3.5133689839572195, 18, 100.63937680047641]
[-3.398211032752886, 3.4244941253864765, 18, 100.63937680047641]
[-2.952382149890852, 2.6487508435403875, 18, 100.63937680047641]
[-1.747626936090321, 3.4532290594362864, 18, 100.63937680047641]
[-1.6451519001308212, -3.1682193149272866, 18, 100.63937680047641]
[-1.644726366146527, -0.07355257328743425, 18, 100.63937680047641]
[0.11507669319139646, 2.1482535704511214, 18, 100.63937680047641]
[-3.504788072349468, 3.4244941253864765, 19, 100.65051499783199]
[-3.5047478650322903, 3.4244941253864765, 19, 100.65051499783199]
[-3.4605498325609125, 1.404504973306448, 19, 100.65051499783199]
[-3.4605498325609125, 1.404504973306448, 19, 100.65051499783199]
[-2.95578394152868, 3.495259016708184, 19, 100.65051499783199]
[-1.6378609601942133, 3.4446447972187704, 19, 100.65051499783199]
[0.5578003133797909, 0.7772376071740696, 19, 100.65051499783199]
[-3.4605498325609125, 1.404504973306448, 20, 100.66110964736696]
[-2.8198372743738798, -3.1971512118235754, 20, 100.66110964736696]
[-1.5403585677859986, -0.28782189835991323, 20, 100.66110964736696]
[-1.4708567925400784, 0.32556762495984737, 20, 100.66110964736696]
[-1.230873203011107, -1.6498893302221984, 20, 100.66110964736696]
[-1.092653770462075, 0.04842768894156846, 20, 100.66110964736696]
[-0.9778068795285364, 0.4259623576257625, 20, 100.66110964736696]
[-0.770716144258988, 2.222657997824328, 20, 100.66110964736696]
[-0.06367319241717295, -2.254266141917004, 20, 100.66110964736696]
[-0.017644853368874003, -1.536806589319165, 20, 100.66110964736696]
[1.8121726081485914, 3.439664061814021, 20, 100.66110964736696]
[2.589538939761919, 2.629007614362906, 20, 100.66110964736696]
[3.2770960115063357, 2.5032980776565203, 20, 100.66110964736696]
[0.6162208122936281, -2.9541086448264604, 3, 200.30102999566398]
[0.4518406170882199, -2.964405027732811, 6, 200.42254902000712]
[0.6162208122936281, -3.4035761999109133, 7, 200.45154499349596]
[0.6143980805815561, -3.067225181406209, 13, 200.57306401783913]
[-0.4543297929355101, -3.1887748755560703, 20, 200.66110964736697]
[1.2482871039860557, -2.5645822108715466, 20, 200.66110964736697]
[1.8663818143223665, -1.861184910598467, 20, 200.66110964736697]
