[-2.6350133353243503, -2.2727130744929944, 0, 0.11312001819887607]
[-2.6350133353243503, -2.2727130744929944, 0, 0.32479335777432505]
[-2.6350133353243503, -2.2727130744929944, 0, 0.32479335777432505]
[-2.6350133353243503, -2.2727130744929944, 0, 0.32479335777432505]
[-2.6350133353243503, -2.2778596896217027, 0, 0.3294067291844158]
[-2.6350133353243503, -2.2727130744929944, 0, 0.4652579157195343]
[-2.6350133353243503, -2.2727130744929944, 0, 0.4652579157195343]
[-2.6350133353243503, -2.2744286128692304, 0, 0.4664618579853002]
[-2.6350133353243503, -2.2778596896217027, 0, 0.469701469002359]
[-2.6350133353243503, -2.2727130744929944, 1, 0.6253163315112138]
[-2.6350133353243503, -2.2727130744929944, 1, 0.6258233534383062]
[-2.6350133353243503, -2.2744286128692304, 1, 0.6270163721108644]
[-2.6350133353243503, -2.2778596896217027, 1, 0.6304367248483971]
[-2.6350133353243503, -2.2744286128692304, 3, 0.7146308431393239]
[-2.6350133353243503, -2.2727130744929944, 3, 0.7163052478825924]
[-2.6350133353243503, -2.2727130744929944, 1, 0.7658711225414268]
[-2.6350133353243503, -2.2727130744929944, 1, 0.7662879113835155]
[-2.6350133353243503, -2.2745358340177457, 1, 0.7675670051757383]
[-2.6350133353243503, -2.2744286128692304, 1, 0.7683332677476715]
[-2.6350133353243503, -2.2727130744929944, 2, 0.801407590566895]
[-2.6350133353243503, -2.2727130744929944, 2, 0.8029300346064241]
[-2.6350133353243503, -2.2745358340177457, 2, 0.8031823120049246]
[-2.6350133353243503, -2.2744286128692304, 2, 0.8041258940595485]
[-2.6350133353243503, -2.2744286128692304, 4, 0.8119162462221157]
[-2.6350133353243503, -2.271855305304877, 3, 0.9272721592188484]
[-2.6350133353243503, -2.2745358340177457, 3, 0.9276125045694852]
[-2.6350133353243503, -2.2744286128692304, 3, 0.9280463677748456]
[-2.6350133353243503, -2.271855305304877, 2, 0.9417761310175978]
[-2.6350133353243503, -2.271855305304877, 3, 0.942426529818762]
[-2.6350133353243503, -2.2727130744929944, 2, 0.9432210827848913]
[-2.6350133353243503, -2.2745358340177457, 2, 0.9432417647381803]
[-2.6350133353243503, -2.2744286128692304, 2, 0.9444245268033529]
[-2.6350133353243503, -2.271855305304877, 4, 1.0226618882357776]
[-2.6350133353243503, -2.2727130744929944, 4, 1.0232563401832515]
[-2.6350133353243503, -2.2744286128692304, 4, 1.025974643675905]
[-2.6350133353243503, -2.3012338999979196, 4, 1.0450817220923299]
[-2.6350133353243503, -2.2727130744929944, 3, 1.0669011182054078]
[-2.6350133353243503, -2.271855305304877, 3, 1.067557021874408]
[-2.6350133353243503, -2.2744286128692304, 3, 1.0685218493132627]
[-2.6350133353243503, -2.271855305304877, 5, 1.1018431342834023]
[-2.6350133353243503, -2.2744286128692304, 5, 1.1036291716836173]
[-2.6350133353243503, -2.2744286128692304, 5, 1.1051558897235296]
[-2.6350133353243503, -2.2744286128692304, 3, 1.1109466378290724]
[-2.6350133353243503, -2.3012338999979196, 5, 1.138930031060306]
[-2.6350133353243503, -2.271855305304877, 4, 1.1632079599480503]
[-2.6350133353243503, -2.2744286128692304, 4, 1.1650153454103116]
[-2.6350133353243503, -2.2744286128692304, 4, 1.1662732764197092]
[-2.6350133353243503, -2.271855305304877, 6, 1.1687899239140156]
[-2.6350133353243503, -2.2744286128692304, 6, 1.1705759613142304]
[-2.6350133353243503, -2.3012338999979196, 4, 1.1846889458343373]
[-2.6350133353243503, -2.299303919324654, 6, 1.188227172110553]
[-2.6350133353243503, -2.3012338999979196, 6, 1.189623660008267]
[-2.6350133353243503, -2.271855305304877, 7, 1.2267818708917022]
[-2.6350133353243503, -2.271855305304877, 7, 1.2267818708917022]
[-2.6350133353243503, -2.271855305304877, 7, 1.2267818708917022]
[-2.6350133353243503, -2.2744286128692304, 7, 1.2285679082919172]
[-2.6350133353243503, -2.271855305304877, 5, 1.2423892059956751]
[-2.6350133353243503, -2.2744286128692304, 5, 1.2441965914579363]
[-2.6350133353243503, -2.271855305304877, 13, 1.2475889795668818]
[-2.6350133353243503, -2.299303919324654, 5, 1.2625693671424332]
[-2.6350133353243503, -2.271855305304877, 8, 1.2779343933390837]
[-2.6350133353243503, -2.271855305304877, 8, 1.2779343933390837]
[-2.6350133353243503, -2.271855305304877, 8, 1.2784406909296837]
[-2.6350133353243503, -2.2744286128692304, 8, 1.2797204307392986]
[-2.6350133353243503, -2.271855305304877, 14, 1.2909858475175935]
[-2.6350133353243503, -2.3012338999979196, 5, 1.2928198584704416]
[-2.6350133353243503, -2.271855305304877, 6, 1.3093359956262882]
[-2.6350133353243503, -2.271855305304877, 6, 1.3093359956262882]
[-2.6350133353243503, -2.271855305304877, 6, 1.3093359956262882]
[-2.6350133353243503, -2.2744286128692304, 6, 1.3111433810885496]
[-2.6350133353243503, -2.271855305304877, 9, 1.323691883899759]
[-2.6350133353243503, -2.271855305304877, 9, 1.323691883899759]
[-2.6350133353243503, -2.2727130744929944, 9, 1.3242863358472325]
[-2.6350133353243503, -2.2744286128692304, 9, 1.3254779212999737]
[-2.6350133353243503, -2.30101945770089, 17, 1.3480259085158839]
[-2.6350133353243503, -2.271855305304877, 13, 1.3553187772714674]
[-2.6350133353243503, -2.271855305304877, 10, 1.3650845690579838]
[-2.6350133353243503, -2.271855305304877, 10, 1.3650845690579838]
[-2.6350133353243503, -2.271855305304877, 10, 1.3650845690579838]
[-2.6350133353243503, -2.271855305304877, 10, 1.3650845690579838]
[-2.6350133353243503, -2.271855305304877, 7, 1.367327942603975]
[-2.6350133353243503, -2.271855305304877, 7, 1.367327942603975]
[-2.6350133353243503, -2.271855305304877, 7, 1.367327942603975]
[-2.6350133353243503, -2.2744286128692304, 7, 1.3691353280662362]
[-2.6350133353243503, -2.271855305304877, 17, 1.3701670935652182]
[-2.6350133353243503, -2.271855305304877, 11, 1.4028731299473836]
[-2.6350133353243503, -2.271855305304877, 11, 1.4028731299473836]
[-2.6350133353243503, -2.271855305304877, 11, 1.4028731299473836]
[-2.6350133353243503, -2.271855305304877, 11, 1.4028731299473836]
[-2.6350133353243503, -2.271855305304877, 19, 1.4159245841258934]
[-2.6350133353243503, -2.271855305304877, 8, 1.4184804650513563]
[-2.6350133353243503, -2.271855305304877, 8, 1.4184804650513563]
[-2.6350133353243503, -2.2727130744929944, 8, 1.4190836363167705]
[-2.6350133353243503, -2.2744286128692304, 8, 1.4207043674246251]
[-2.6350133353243503, -2.271855305304877, 12, 1.4376352362065954]
[-2.6350133353243503, -2.271855305304877, 12, 1.4376352362065954]
[-2.6350133353243503, -2.271855305304877, 12, 1.4376352362065954]
[-2.6350133353243503, -2.271855305304877, 12, 1.4535310678803497]
[-2.6350133353243503, -2.271855305304877, 21, 1.4573172692841183]
[-2.6350133353243503, -2.271855305304877, 9, 1.4642379556120315]
[-2.6350133353243503, -2.271855305304877, 9, 1.4642379556120315]
[-2.6350133353243503, -2.271855305304877, 9, 1.4642379556120315]
[-2.6350133353243503, -2.271855305304877, 9, 1.4642379556120315]
[-2.6350133353243503, -2.271855305304877, 13, 1.4698199195779966]
[-2.6350133353243503, -2.271855305304877, 22, 1.4766224244795052]
[-2.6350133353243503, -2.271855305304877, 13, 1.4880546481028607]
[-2.6350133353243503, -2.2995183616216837, 13, 1.4894121541271788]
[-2.6350133353243503, -2.3027349960771257, 13, 1.491742296424996]
[-2.6350133353243503, -2.271855305304877, 14, 1.4997831429554402]
[-2.6350133353243503, -2.271855305304877, 14, 1.4997831429554402]
[-2.6350133353243503, -2.271855305304877, 14, 1.4997831429554402]
[-2.6350133353243503, -2.271855305304877, 10, 1.5056306407702564]
[-2.6350133353243503, -2.271855305304877, 10, 1.5056306407702564]
[-2.6350133353243503, -2.271855305304877, 10, 1.5056306407702564]
[-2.6350133353243503, -2.271855305304877, 10, 1.5056306407702564]
[-2.6350133353243503, -2.3039144287107884, 14, 1.5225623856118666]
[-2.6350133353243503, -2.271855305304877, 15, 1.5278118665556835]
[-2.6350133353243503, -2.271855305304877, 15, 1.5278118665556835]
[-2.6350133353243503, -2.271855305304877, 15, 1.5278118665556835]
[-2.6350133353243503, -2.271855305304877, 11, 1.5434192016596564]
[-2.6350133353243503, -2.271855305304877, 11, 1.5434192016596564]
[-2.6350133353243503, -2.271855305304877, 11, 1.5434192016596564]
[-2.6350133353243503, -2.271855305304877, 11, 1.5434192016596564]
[-2.6350133353243503, -2.3039144287107884, 15, 1.55059110921211]
[-2.6350133353243503, -2.271855305304877, 16, 1.5541408052780326]
[-2.6350133353243503, -2.271855305304877, 16, 1.5541408052780326]
[-2.634798893027321, -2.271855305304877, 26, 1.5555089090278134]
[-2.6350133353243503, -2.271855305304877, 16, 1.5708154598690736]
[-2.6350133353243503, -2.271855305304877, 12, 1.5781813079188682]
[-2.6350133353243503, -2.271855305304877, 12, 1.5781813079188682]
[-2.6350133353243503, -2.271855305304877, 12, 1.5781813079188682]
[-2.6350133353243503, -2.271855305304877, 17, 1.578964389003065]
[-2.6350133353243503, -2.271855305304877, 17, 1.578964389003065]
[-2.6350133353243503, -2.3039144287107884, 16, 1.5790424587974514]
[-2.6073502790075436, -2.271855305304877, 28, 1.5812389778357672]
[-2.6350133353243503, -2.275286382057349, 17, 1.5813475474358618]
[-2.6350133353243503, -2.2995183616216837, 17, 1.5985566235522466]
[-2.6350133353243503, -2.271855305304877, 18, 1.6024454848525878]
[-2.6350133353243503, -2.271855305304877, 18, 1.6024454848525878]
[-2.6350133353243503, -2.271855305304877, 18, 1.6024454848525878]
[-2.6350133353243503, -2.271855305304877, 12, 1.602527335373364]
[-2.6350133353243503, -2.271855305304877, 13, 1.6103659912902695]
[-2.6350133353243503, -2.271855305304877, 13, 1.6103659912902695]
[-2.6350133353243503, -2.271855305304877, 13, 1.6103659912902695]
[-2.6350133353243503, -2.2995183616216837, 18, 1.6220377194017694]
[-2.6350133353243503, -2.271855305304877, 19, 1.6247218795637401]
[-2.6350133353243503, -2.271855305304877, 19, 1.6247218795637401]
[-2.6350133353243503, -2.271855305304877, 19, 1.6247218795637401]
[-2.6350133353243503, -2.271855305304877, 19, 1.6247218795637401]
[-2.6350133353243503, -2.271855305304877, 14, 1.6403292146677129]
[-2.6350133353243503, -2.271855305304877, 14, 1.6403292146677129]
[-2.6350133353243503, -2.271855305304877, 14, 1.6403292146677129]
[-2.6350133353243503, -2.271855305304877, 20, 1.645911178633678]
[-2.6350133353243503, -2.271855305304877, 20, 1.645911178633678]
[-2.6350133353243503, -2.271855305304877, 20, 1.645911178633678]
[-2.6350133353243503, -2.271855305304877, 20, 1.645911178633678]
[-2.6350133353243503, -2.271855305304877, 21, 1.6538659627313224]
[-2.6350133353243503, -2.3039144287107884, 14, 1.6623697823182746]
[-2.6350133353243503, -2.271855305304877, 21, 1.666114564721965]
[-2.6350133353243503, -2.271855305304877, 21, 1.666114564721965]
[-2.6350133353243503, -2.271855305304877, 21, 1.666114564721965]
[-2.6350133353243503, -2.271855305304877, 15, 1.6683579382679563]
[-2.6350133353243503, -2.271855305304877, 15, 1.6683579382679563]
[-2.6350133353243503, -2.271855305304877, 15, 1.6683579382679563]
[-2.6350133353243503, -2.271855305304877, 22, 1.6854197199173515]
[-2.6350133353243503, -2.271855305304877, 22, 1.6854197199173515]
[-2.6350133353243503, -2.271855305304877, 22, 1.6854197199173515]
[-2.6350133353243503, -2.3039144287107884, 15, 1.6903985059185178]
[-2.6350133353243503, -2.271855305304877, 23, 1.691407881228781]
[-2.607564721304573, -2.2721769687504207, 22, 1.6921228559161965]
[-2.6350133353243503, -2.271855305304877, 16, 1.6946868769903054]
[-2.6350133353243503, -2.271855305304877, 16, 1.6946868769903054]
[-2.6350133353243503, -2.271855305304877, 23, 1.7039031256113648]
[-2.634798893027321, -2.271855305304877, 23, 1.7039528704744153]
[-2.6350133353243503, -2.271855305304877, 24, 1.7091366481892127]
[-2.607564721304573, -2.2721769687504207, 23, 1.7106062616102096]
[-2.607564721304573, -2.271855305304877, 24, 1.7159987742710623]
[-2.6350133353243503, -2.30101945770089, 16, 1.716444432097536]
[-2.6350133353243503, -2.271855305304877, 17, 1.7195104607153375]
[-2.6350133353243503, -2.271855305304877, 17, 1.7195104607153375]
[-2.6350133353243503, -2.271855305304877, 17, 1.7195104607153375]
[-2.6350133353243503, -2.271855305304877, 24, 1.7216318925717964]
[-2.634798893027321, -2.271855305304877, 24, 1.7216816374348471]
[-2.607564721304573, -2.271855305304877, 25, 1.7327932155589583]
[-2.6350133353243503, -2.271855305304877, 16, 1.7342375622680657]
[-2.6350133353243503, -2.2995183616216837, 17, 1.7385918408975631]
[-2.6350133353243503, -2.271855305304877, 25, 1.7386652318705766]
[-2.634798893027321, -2.271855305304877, 25, 1.7387149767336274]
[-2.634798893027321, -2.271855305304877, 25, 1.741758960016834]
[-2.634798893027321, -2.271855305304877, 26, 1.7426131292850309]
[-2.6350133353243503, -2.271855305304877, 18, 1.7429915565648604]
[-2.6350133353243503, -2.271855305304877, 18, 1.7429915565648604]
[-2.6350133353243503, -2.271855305304877, 18, 1.7429915565648604]
[-2.6350133353243503, -2.271855305304877, 18, 1.7429915565648604]
[-2.6073502790075436, -2.271855305304877, 26, 1.7492381814416431]
[-2.607564721304573, -2.271855305304877, 26, 1.7644971336244932]
[-2.607564721304573, -2.271855305304877, 27, 1.7649778989303595]
[-2.6350133353243503, -2.271855305304877, 19, 1.7652679512760128]
[-2.6350133353243503, -2.271855305304877, 19, 1.7652679512760128]
[-2.6350133353243503, -2.271855305304877, 19, 1.7652679512760128]
[-2.6350133353243503, -2.271855305304877, 19, 1.7652679512760128]
[-2.634798893027321, -2.3027349960771257, 27, 1.7794417002713563]
[-2.6073502790075436, -2.271855305304877, 28, 1.7802724151816118]
[-2.6073502790075436, -2.2994111404731683, 27, 1.7834921063162592]
[-2.6073502790075436, -2.271855305304877, 30, 1.7855143692954345]
[-2.6350133353243503, -2.271855305304877, 20, 1.7864572503459508]
[-2.6350133353243503, -2.271855305304877, 20, 1.7864572503459508]
[-2.6350133353243503, -2.271855305304877, 20, 1.7864572503459508]
[-2.6350133353243503, -2.271855305304877, 20, 1.7864572503459508]
[-2.6073502790075436, -2.271855305304877, 28, 1.7926273294214385]
[-2.6073502790075436, -2.271855305304877, 29, 1.7949956720023184]
[-2.6073502790075436, -2.271855305304877, 29, 1.7949956720023184]
[-2.6350133353243503, -2.271855305304877, 21, 1.7969170346162642]
[-2.6073502790075436, -2.271855305304877, 30, 1.7974903586546354]
[-2.607564721304573, -2.299303919324654, 26, 1.7981446087246893]
[-2.6073502790075436, -2.2994111404731683, 28, 1.798732072872996]
[-2.6073502790075436, -2.271855305304877, 31, 1.799302653781068]
[-2.6350133353243503, -2.271855305304877, 29, 1.800813138619421]
[-2.634798893027321, -2.271855305304877, 30, 1.8023646187905804]
[-2.5523458298194743, -2.271855305304877, 28, 1.806308558072506]
[-2.6350133353243503, -2.271855305304877, 21, 1.8066606364342377]
[-2.6350133353243503, -2.271855305304877, 21, 1.8066606364342377]
[-2.6350133353243503, -2.271855305304877, 21, 1.8066606364342377]
[-2.5523458298194743, -2.271855305304877, 29, 1.809411950481036]
[-2.6073502790075436, -2.271855305304877, 32, 1.8126666153390494]
[-2.5523458298194743, -2.271855305304877, 36, 1.8157513243709287]
[-2.634798893027321, -2.271855305304877, 31, 1.8161529032762136]
[-2.580116107284796, -2.271855305304877, 31, 1.8186798826766215]
[-2.580116107284796, -2.271855305304877, 32, 1.820457877694781]
[-2.6350133353243503, -2.271855305304877, 22, 1.8259657916296244]
[-2.6350133353243503, -2.271855305304877, 22, 1.8259657916296244]
[-2.634798893027321, -2.271855305304877, 22, 1.8260076414658772]
[-2.5524530509679892, -2.271855305304877, 32, 1.828549637673326]
[-2.6350133353243503, -2.271855305304877, 34, 1.830497425850784]
[-2.607564721304573, -2.2721769687504207, 22, 1.8315807886464301]
[-2.6350133353243503, -2.271855305304877, 23, 1.834512223076659]
[-2.5523458298194743, -2.271855305304877, 30, 1.8352722540078226]
[-2.5524530509679892, -2.271855305304877, 33, 1.8415146148376933]
[-2.6350133353243503, -2.271855305304877, 23, 1.8444491973236374]
[-2.634798893027321, -2.271855305304877, 23, 1.8444910471598903]
[-2.5523458298194743, -2.271855305304877, 31, 1.849060538493456]
[-2.607564721304573, -2.271855305304877, 23, 1.8498381904736036]
[-2.5523458298194743, 1.0216567136228392, 38, 1.8499358818083507]
[-2.6350133353243503, -2.271855305304877, 24, 1.852240990037091]
[-2.5523458298194743, -2.271855305304877, 34, 1.854135438452772]
[-2.5523458298194743, -2.271855305304877, 34, 1.854135438452772]
[-2.5523458298194743, -2.271855305304877, 34, 1.854135438452772]
[-2.6350133353243503, -2.271855305304877, 33, 1.8551708009420138]
[-2.607564721304573, -2.271855305304877, 24, 1.8576474184814242]
[-2.634798893027321, -2.271855305304877, 24, 1.8622198141203221]
[-2.634798893027321, -2.271855305304877, 24, 1.8622198141203221]
[-2.5523458298194743, -2.271855305304877, 32, 1.8624245000514374]
[-2.6073502790075436, -2.2994111404731683, 26, 1.8639342233300051]
[-2.5523458298194743, -2.271855305304877, 35, 1.8663698948697836]
[-2.5523458298194743, -2.271855305304877, 35, 1.8663698948697836]
[-2.607564721304573, -2.271855305304877, 25, 1.8744879048612684]
[-2.5523458298194743, -2.271855305304877, 33, 1.875389477215805]
[-2.634798893027321, -2.271855305304877, 25, 1.8792531534191024]
[-2.634798893027321, -2.271855305304877, 25, 1.881800524282347]
[-2.6073502790075436, -2.271855305304877, 25, 1.8846426422823317]
[-2.6073502790075436, -2.271855305304877, 27, 1.8872655262199918]
[-2.607564721304573, -2.271855305304877, 26, 1.8908783210494378]
[-2.6073502790075436, -2.271855305304877, 26, 1.9035815578471682]
[-2.6073502790075436, -2.271855305304877, 27, 1.9067151238355924]
[-2.6073502790075436, -2.271855305304877, 27, 1.9067151238355924]
[-2.634798893027321, -2.3027349960771257, 26, 1.9071367430890547]
[-2.6350133353243503, -2.271855305304877, 28, 1.9165057402926942]
[-2.6073502790075436, -2.271855305304877, 28, 1.9219550903923293]
[-2.6073502790075436, -2.2994111404731683, 27, 1.9258633066660127]
[-2.634798893027321, -2.271855305304877, 29, 1.9312709370944923]
[-2.6073502790075436, -2.271855305304877, 30, 1.9314691887120452]
[-2.6073502790075436, -2.271855305304877, 28, 1.9320672922104698]
[-2.6073502790075436, -2.271855305304877, 29, 1.9366783472130356]
[-2.6073502790075436, -2.271855305304877, 29, 1.9366783472130356]
[-2.5523458298194743, -2.271855305304877, 28, 1.9430336512207385]
[-2.634798893027321, -2.271855305304877, 30, 1.9455113762091025]
[-2.5523458298194743, -2.271855305304877, 30, 1.9525086407450205]
[-2.6350133353243503, -2.271855305304877, 32, 1.9531548877146772]
[-2.5523458298194743, -2.271855305304877, 36, 1.9540201260781795]
[-2.5523458298194743, -2.271855305304877, 31, 1.956410447667804]
[-2.5523458298194743, -2.271855305304877, 29, 1.9577569080414448]
[-2.5524530509679892, -2.271855305304877, 31, 1.966274981298881]
[-2.580116107284796, -2.271855305304877, 30, 1.9664363558784939]
[-2.5524530509679892, -2.271855305304877, 32, 1.969752329206025]
[-2.5523458298194743, -2.271855305304877, 32, 1.9697744092257854]
[-2.580116107284796, -2.271855305304877, 31, 1.970143350316641]
[-2.5523458298194743, -2.271855305304877, 35, 1.9716048941042021]
[-2.5523458298194743, 1.0216567136228392, 39, 1.9720815850345812]
[-2.6073502790075436, -2.271855305304877, 31, 1.9748192726314198]
[-2.6350133353243503, -2.271855305304877, 34, 1.9787089921870653]
[-2.6350133353243503, -2.271855305304877, 36, 1.9805372783521782]
[-2.5523458298194743, -2.271855305304877, 33, 1.982739386390153]
[-2.5523458298194743, -2.271855305304877, 33, 1.982739386390153]
[-2.6350133353243503, -2.271855305304877, 35, 1.990943448604077]
[-2.5523458298194743, -2.271855305304877, 37, 1.9944343728294096]
[-2.5523458298194743, -2.271855305304877, 34, 1.9953285136981735]
[-2.5523458298194743, -2.271855305304877, 34, 1.9953285136981735]
[-2.5523458298194743, -2.271855305304877, 34, 1.9953285136981735]
[-2.6350133353243503, -2.271855305304877, 33, 1.9957168726542867]
[-2.5523458298194743, -2.271855305304877, 32, 1.99914959319967]
[-2.5523458298194743, -2.271855305304877, 35, 2.007562970115185]
[-2.5523458298194743, -2.271855305304877, 33, 2.0121145703640373]
[-2.5523458298194743, 1.0216567136228392, 37, 2.0476577512815854]
[-1.1456043613058946, -2.82082758570042, 36, 2.0999598928121914]
[-1.1456043613058946, -2.82082758570042, 37, 2.1115417653620066]
[-1.1456043613058946, -2.82082758570042, 38, 2.1228227757716955]
[-1.1456043613058946, -2.82082758570042, 39, 2.133818160073159]
[-2.5523458298194743, 1.0216567136228392, 36, 2.1372984006818916]
[-1.1456043613058946, -2.82082758570042, 40, 2.144542025464932]
[-1.1456043613058946, -2.82082758570042, 39, 2.353623450914214]
[-1.1456043613058946, -2.82082758570042, 36, 2.3617607118819186]
[-1.1456043613058946, -2.82082758570042, 37, 2.3733425844317337]
[-1.1456043613058946, -2.8528867091063317, 37, 2.381170131446851]
[-1.1456043613058946, -2.82082758570042, 38, 2.3846235948414227]
[-1.1456043613058946, -2.8528867091063317, 38, 2.39245114185654]
[-2.5523458298194743, 1.0216567136228392, 35, 2.4269855582285182]
[-2.5523458298194743, 1.0216567136228392, 36, 2.438884781528226]
[-1.1456043613058946, -2.82082758570042, 35, 2.4466459955617306]
[-2.5523458298194743, 1.0216567136228392, 37, 2.450466654078041]
[-1.1456043613058946, -2.8528867091063317, 38, 2.4572665016490496]
[-1.1456043613058946, -2.8528867091063317, 37, 2.457997964788789]
[-2.5523458298194743, 1.0216567136228392, 38, 2.46174766448773]
[-2.5523458298194743, 1.0216567136228392, 38, 2.46174766448773]
[-1.1456043613058946, -2.8528867091063317, 39, 2.468261885950513]
[-2.5523458298194743, 1.0216567136228392, 39, 2.4727430487891935]
[-2.5523458298194743, 1.0216567136228392, 40, 2.4834669141809664]
[1.6927538821766879, -2.004767424354623, 39, 2.59505493579671]
[-1.1456043613058946, -2.82082758570042, 36, 2.6078173522011423]
[-1.1456043613058946, -2.82082758570042, 35, 2.616637684774415]
[-0.17235799623746795, 3.0784800055813752, 40, 2.6738227993049137]
[-0.17235799623746795, 3.0784800055813752, 39, 3.0372576851666526]
[0.6514220878013912, 2.470107208908658, 40, 3.105493311010199]
[-2.6350133353243503, -2.2727130744929944, 0, 3.296015035253011]
[-2.6350133353243503, -2.2727130744929944, 0, 3.2972136077660648]
[1.6927538821766879, -2.004767424354623, 40, 3.5637592776654676]
[-2.6350133353243503, -2.2779669107702176, 0, 3.605861459933646]
[-2.6350133353243503, -2.2727130744929944, 0, 3.60609870076242]
[-2.6350133353243503, -2.2727130744929944, 0, 3.6068933165741286]
[-2.6350133353243503, -2.2727130744929944, 0, 3.6068933165741286]
[-2.6350133353243503, -2.2727130744929944, 3, 3.8974754236707034]
[-2.6350133353243503, -2.2727130744929944, 1, 3.907128696426401]
[-2.6350133353243503, -2.271855305304877, 1, 3.908091470716766]
[-2.6350133353243503, -2.2727130744929944, 1, 3.908320500428116]
[-2.6350133353243503, -2.304557755601877, 3, 3.922960106436121]
[-1.1456043613058946, -2.8528867091063317, 36, 3.94768131075545]
[-2.6350133353243503, -2.271855305304877, 4, 3.993712335714761]
[-2.5523458298194743, 1.0216567136228392, 38, 4.010234983100021]
[2.972438289700283, -0.7019232487518403, 40, 4.050549400897674]
[-2.5523458298194743, 1.0216567136228392, 36, 4.063174600504093]
[-2.6350133353243503, -2.3055227459385095, 2, 4.077921697553111]
[-2.6350133353243503, -2.2727130744929944, 2, 4.0832199554820825]
[-2.6350133353243503, -2.2744286128692304, 2, 4.083677994947605]
[-2.6350133353243503, -2.271855305304877, 3, 4.196574238465839]
[-2.6350133353243503, -2.271855305304877, 7, 4.197832318370685]
[-2.6350133353243503, -2.3012338999979196, 3, 4.203312942954785]
[-2.6350133353243503, -2.273570843681113, 3, 4.207990100109971]
[-2.6350133353243503, -2.2744286128692304, 3, 4.209014266573245]
[-2.6350133353243503, -2.271855305304877, 8, 4.249584560801478]
[-2.6350133353243503, -2.271855305304877, 4, 4.305237210432503]
[-2.6350133353243503, -2.271855305304877, 4, 4.305237210432503]
[-2.6350133353243503, -2.2744286128692304, 4, 4.305924279581301]
[-2.6350133353243503, -2.2744286128692304, 4, 4.305924279581301]
[-2.6350133353243503, -2.271855305304877, 10, 4.336135016536967]
[0.6514220878013912, 2.470107208908658, 39, 4.371524347331055]
[-1.1456043613058946, -2.8528867091063317, 37, 4.372707813347004]
[-2.6350133353243503, -2.271855305304877, 5, 4.373464551778043]
[-2.6350133353243503, -2.271855305304877, 11, 4.373923577426367]
[-2.6350133353243503, -2.301877226889008, 5, 4.379679011975771]
[-2.6350133353243503, -2.271855305304877, 5, 4.3844184564801285]
[-2.6350133353243503, -2.2744286128692304, 5, 4.385105525628926]
[-2.6350133353243503, -2.271855305304877, 12, 4.408685683685579]
[-2.6350133353243503, -2.271855305304877, 12, 4.42718708485161]
[-2.6350133353243503, -2.273570843681113, 6, 4.452220473198943]
[-2.6350133353243503, -2.2727130744929944, 6, 4.452388544778391]
[-2.6350133353243503, -2.271855305304877, 6, 4.452556529974952]
[-2.6350133353243503, -2.271855305304877, 13, 4.462043276077944]
[-2.6350133353243503, -2.271855305304877, 14, 4.470833590434424]
[-2.6350133353243503, -2.271855305304877, 14, 4.470833590434424]
[-2.6350133353243503, -2.271855305304877, 15, 4.498862314034667]
[-2.6350133353243503, -2.271855305304877, 15, 4.498862314034667]
[-2.6350133353243503, -2.271855305304877, 7, 4.510548476952639]
[-2.6350133353243503, -2.271855305304877, 7, 4.510548476952639]
[-2.6350133353243503, -2.271855305304877, 7, 4.510548476952639]
[-2.6350133353243503, -2.271855305304877, 7, 4.510548476952639]
[-2.6350133353243503, -2.30101945770089, 16, 4.547997647575225]
[-2.6350133353243503, -2.271855305304877, 17, 4.550014836482048]
[-2.6350133353243503, -2.2745358340177457, 17, 4.552117803634232]
[-2.6350133353243503, -2.271855305304877, 8, 4.56130398449211]
[-2.6350133353243503, -2.271855305304877, 8, 4.561700999400021]
[-2.6350133353243503, -2.271855305304877, 8, 4.561700999400021]
[-2.6350133353243503, -2.271855305304877, 8, 4.561700999400021]
[-2.6350133353243503, -2.271855305304877, 18, 4.573495932331571]
[-2.6350133353243503, -2.271855305304877, 19, 4.595772327042724]
[-2.6350133353243503, -2.271855305304877, 19, 4.595772327042724]
[-2.6350133353243503, -2.2995183616216837, 9, 4.601997555910046]
[-2.6350133353243503, -2.271855305304877, 9, 4.607458489960695]
[-2.6350133353243503, -2.271855305304877, 9, 4.607458489960695]
[-2.6350133353243503, -2.271855305304877, 21, 4.637165012200948]
[-2.6350133353243503, -2.271855305304877, 21, 4.637165012200948]
[-2.6350133353243503, -2.271855305304877, 10, 4.648851175118921]
[-2.6350133353243503, -2.271855305304877, 10, 4.648851175118921]
[-2.6350133353243503, -2.271855305304877, 10, 4.648851175118921]
[-2.6350133353243503, -2.271855305304877, 10, 4.648851175118921]
[-2.6350133353243503, -2.271855305304877, 22, 4.656470167396335]
[-2.6350133353243503, -2.2771091415820996, 22, 4.66059067578572]
[-2.607564721304573, -2.271855305304877, 23, 4.680916875313101]
[-2.6350133353243503, -2.271855305304877, 11, 4.6866397360083205]
[-2.6350133353243503, -2.271855305304877, 11, 4.6866397360083205]
[-2.6350133353243503, -2.271855305304877, 11, 4.6866397360083205]
[-2.6350133353243503, -2.271855305304877, 11, 4.6866397360083205]
[-2.607564721304573, -2.271855305304877, 24, 4.698645642273533]
[-2.6350133353243503, -2.271855305304877, 12, 4.709056921046345]
[-2.6350133353243503, -2.271855305304877, 26, 4.710730404941357]
[-2.6350133353243503, -2.2995183616216837, 12, 4.715940908216883]
[-2.607564721304573, -2.271855305304877, 26, 4.7171184392063665]
[-2.6350133353243503, -2.271855305304877, 12, 4.721401842267532]
[-2.6350133353243503, -2.271855305304877, 12, 4.721401842267532]
[-2.6350133353243503, -2.3039144287107884, 13, 4.732871782201149]
[-2.6073502790075436, -2.271855305304877, 28, 4.747899638484158]
[-2.6350133353243503, -2.271855305304877, 13, 4.753586525638934]
[-2.6350133353243503, -2.271855305304877, 13, 4.753586525638934]
[-2.6350133353243503, -2.271855305304877, 13, 4.753586525638934]
[-2.6073502790075436, -2.271855305304877, 28, 4.76315043399372]
[-2.6350133353243503, -2.271855305304877, 32, 4.765626024332562]
[-2.6350133353243503, -2.278181353067247, 14, 4.782308828487244]
[-2.6350133353243503, -2.271855305304877, 14, 4.783549749016377]
[-2.6350133353243503, -2.271855305304877, 14, 4.783549749016377]
[-2.6350133353243503, -2.271855305304877, 14, 4.783549749016377]
[-2.6350133353243503, -2.271855305304877, 15, 4.81157847261662]
[-2.6350133353243503, -2.271855305304877, 15, 4.81157847261662]
[-2.6350133353243503, -2.271855305304877, 15, 4.81157847261662]
[-2.6350133353243503, -2.271855305304877, 15, 4.81157847261662]
[-2.580116107284796, -2.2736780648296273, 31, 4.813297416867086]
[-2.5523458298194743, -2.271855305304877, 35, 4.822812518203095]
[-2.5523458298194743, -2.273570843681113, 35, 4.824171681609048]
[-2.6350133353243503, -2.275286382057349, 16, 4.824267964732509]
[-2.5523458298194743, 0.9933503304149438, 36, 4.829276261905541]
[-2.6350133353243503, -2.30101945770089, 16, 4.8321475921860495]
[-2.6350133353243503, -2.271855305304877, 16, 4.8363188732454425]
[-2.6350133353243503, -2.273570843681113, 16, 4.83757135456296]
[-2.6350133353243503, -2.271855305304877, 17, 4.862730995064002]
[-2.6350133353243503, -2.271855305304877, 17, 4.862730995064002]
[-2.6350133353243503, -2.271855305304877, 17, 4.862730995064002]
[-2.6350133353243503, -2.271855305304877, 17, 4.862730995064002]
[-2.6350133353243503, -2.271855305304877, 18, 4.886212090913524]
[-2.6350133353243503, -2.271855305304877, 18, 4.886212090913524]
[-2.6350133353243503, -2.271855305304877, 18, 4.886212090913524]
[-2.6350133353243503, -2.271855305304877, 18, 4.886212090913524]
[-2.5523458298194743, 1.0216567136228392, 39, 4.906226006818239]
[-2.6350133353243503, -2.271855305304877, 19, 4.908488485624677]
[-2.6350133353243503, -2.271855305304877, 19, 4.908488485624677]
[-2.6350133353243503, -2.271855305304877, 19, 4.908488485624677]
[-2.6350133353243503, -2.271855305304877, 19, 4.908488485624677]
[-2.5523458298194743, 1.241352846929571, 36, 4.9237592564495944]
[-2.6350133353243503, -2.271855305304877, 20, 4.929677784694615]
[-2.6350133353243503, -2.271855305304877, 20, 4.929677784694615]
[-2.607564721304573, -2.2721769687504207, 21, 4.935455651947404]
[-2.6350133353243503, -2.2994111404731683, 21, 4.94444157563182]
[-2.6350133353243503, -2.271855305304877, 21, 4.949881170782902]
[-2.6350133353243503, -2.271855305304877, 21, 4.959583394884428]
[-2.6350133353243503, -2.271855305304877, 22, 4.9691863259782885]
[-2.6350133353243503, -2.271855305304877, 22, 4.9691863259782885]
[-2.6350133353243503, -2.271855305304877, 22, 4.9691863259782885]
[-2.6350133353243503, -2.271855305304877, 22, 4.9691863259782885]
[-2.6350133353243503, -2.271855305304877, 23, 4.987669731672302]
[-2.6350133353243503, -2.271855305304877, 23, 4.987669731672302]
[-2.607564721304573, -2.271855305304877, 24, 4.991037155298049]
[-2.607564721304573, -2.271855305304877, 24, 4.991037155298049]
[-2.607564721304573, -2.30101945770089, 24, 4.995230086271316]
[-2.6350133353243503, -2.271855305304877, 23, 4.997569472237167]
[-2.6073502790075436, -2.271855305304877, 26, 5.010786316998169]
[-2.607564721304573, -2.299303919324654, 25, 5.012803188453273]
[-2.6350133353243503, -2.271855305304877, 24, 5.015298239197599]
[-2.607564721304573, -2.3021988903345525, 26, 5.015927705336971]
[-2.5523458298194743, -2.271855305304877, 27, 5.021401721615358]
[-2.6073502790075436, -2.271855305304877, 26, 5.034458963055155]
[-2.634798893027321, -2.271855305304877, 26, 5.048610019461789]
[-2.6073502790075436, -2.271855305304877, 28, 5.055382817965028]
[-2.5523458298194743, -2.271855305304877, 30, 5.055466901890487]
[-2.6073502790075436, -2.271855305304877, 28, 5.065493196795124]
[-2.6073502790075436, -2.271855305304877, 28, 5.065493196795124]
[-2.634798893027321, -2.271855305304877, 28, 5.069744415190222]
[-2.6073502790075436, -2.273570843681113, 29, 5.069763609962368]
[-2.6073502790075436, -2.2753936032058633, 29, 5.07952813646495]
[-2.6073502790075436, -2.271855305304877, 29, 5.08021645361583]
[-2.6073502790075436, -2.271855305304877, 29, 5.08021645361583]
[-2.5523458298194743, -2.271855305304877, 32, 5.082619147934102]
[-2.580116107284796, -2.271855305304877, 31, 5.093976759957884]
[-2.6073502790075436, -2.271855305304877, 30, 5.09445689273044]
[-2.5523458298194743, -2.3869035976612083, 33, 5.103251300891455]
[-2.5799016649877666, -2.271855305304877, 31, 5.103739819424708]
[-2.6350133353243503, -2.271855305304877, 31, 5.112608468280602]
[-2.5526674932650186, -2.271855305304877, 32, 5.1132447791998015]
[-2.6073502790075436, -2.271855305304877, 30, 5.11472226644347]
[-2.634798893027321, -2.271855305304877, 30, 5.118656000611871]
[-2.580116107284796, -2.271855305304877, 32, 5.127631639359114]
[-2.5523458298194743, -2.271855305304877, 34, 5.138630094116598]
[-2.5523458298194743, -2.271855305304877, 34, 5.138630094116598]
[-2.6350133353243503, -2.271855305304877, 33, 5.138937407002951]
[-2.6350133353243503, -2.271855305304877, 31, 5.142946503304615]
[-2.5523458298194743, -2.271855305304877, 35, 5.144770945539781]
[-2.5523458298194743, 1.0216567136228392, 35, 5.150524824116933]
[-2.5523458298194743, -2.271855305304877, 35, 5.15086455053361]
[-2.5523458298194743, -2.271855305304877, 35, 5.15086455053361]
[-2.634798893027321, -2.271855305304877, 32, 5.156198676789444]
[-2.5523458298194743, -2.271855305304877, 36, 5.410584793662723]
[-2.6350133353243503, -2.2744286128692304, 0, 50.0]
[-2.6350133353243503, -2.2727130744929944, 0, 50.0]
[-2.6350133353243503, -2.2727130744929944, 0, 50.0]
[-2.6350133353243503, -2.2727130744929944, 0, 50.0]
[-2.6350133353243503, -2.2745358340177457, 1, 50.30102999566398]
[-2.6350133353243503, -2.2727130744929944, 1, 50.30102999566398]
[-2.6350133353243503, -2.2727130744929944, 1, 50.30102999566398]
[-2.6350133353243503, -2.271855305304877, 1, 50.30102999566398]
[-2.6350133353243503, -2.2744286128692304, 2, 50.47712125471966]
[-2.6350133353243503, -2.2744286128692304, 2, 50.47712125471966]
[-2.6350133353243503, -2.2727130744929944, 2, 50.47712125471966]
[-2.6350133353243503, -2.271855305304877, 2, 50.47712125471966]
[-2.6350133353243503, -2.3012338999979196, 3, 50.60205999132796]
[-2.6350133353243503, -2.2744286128692304, 3, 50.60205999132796]
[-2.6350133353243503, -2.2727130744929944, 3, 50.60205999132796]
[-2.6350133353243503, -2.271855305304877, 3, 50.60205999132796]
[-2.6350133353243503, -2.2744286128692304, 4, 50.69897000433602]
[-2.6350133353243503, -2.2744286128692304, 4, 50.69897000433602]
[-2.6350133353243503, -2.271855305304877, 4, 50.69897000433602]
[-2.6350133353243503, -2.271855305304877, 4, 50.69897000433602]
[-2.6350133353243503, -2.299303919324654, 5, 50.778151250383644]
[-2.6350133353243503, -2.2744286128692304, 5, 50.778151250383644]
[-2.6350133353243503, -2.271855305304877, 5, 50.778151250383644]
[-2.6350133353243503, -2.271855305304877, 5, 50.778151250383644]
[-2.6350133353243503, -2.271855305304877, 6, 50.84509804001426]
[-2.6350133353243503, -2.271855305304877, 6, 50.84509804001426]
[-2.6350133353243503, -2.271855305304877, 6, 50.84509804001426]
[-2.6350133353243503, -2.271855305304877, 6, 50.84509804001426]
[-2.6350133353243503, -2.271855305304877, 7, 50.903089986991944]
[-2.6350133353243503, -2.271855305304877, 7, 50.903089986991944]
[-2.6350133353243503, -2.271855305304877, 7, 50.903089986991944]
[-2.6350133353243503, -2.271855305304877, 7, 50.903089986991944]
[-2.6350133353243503, -2.2727130744929944, 8, 50.954242509439325]
[-2.6350133353243503, -2.271855305304877, 8, 50.954242509439325]
[-2.6350133353243503, -2.271855305304877, 8, 50.954242509439325]
[-2.6350133353243503, -2.271855305304877, 8, 50.954242509439325]
[-2.6350133353243503, -2.271855305304877, 9, 51.0]
[-2.6350133353243503, -2.271855305304877, 9, 51.0]
[-2.6350133353243503, -2.271855305304877, 9, 51.0]
[-2.6350133353243503, -2.271855305304877, 9, 51.0]
[-2.6350133353243503, -2.271855305304877, 10, 51.04139268515822]
[-2.6350133353243503, -2.271855305304877, 10, 51.04139268515822]
[-2.6350133353243503, -2.271855305304877, 10, 51.04139268515822]
[-2.6350133353243503, -2.271855305304877, 10, 51.04139268515822]
[-2.6350133353243503, -2.271855305304877, 11, 51.079181246047625]
[-2.6350133353243503, -2.271855305304877, 11, 51.079181246047625]
[-2.6350133353243503, -2.271855305304877, 11, 51.079181246047625]
[-2.6350133353243503, -2.271855305304877, 11, 51.079181246047625]
[-2.6350133353243503, -2.2995183616216837, 12, 51.11394335230683]
[-2.6350133353243503, -2.271855305304877, 12, 51.11394335230683]
[-2.6350133353243503, -2.271855305304877, 12, 51.11394335230683]
[-2.6350133353243503, -2.271855305304877, 12, 51.11394335230683]
[-2.6350133353243503, -2.3039144287107884, 13, 51.14612803567824]
[-2.6350133353243503, -2.271855305304877, 13, 51.14612803567824]
[-2.6350133353243503, -2.271855305304877, 13, 51.14612803567824]
[-2.6350133353243503, -2.271855305304877, 13, 51.14612803567824]
[-2.6350133353243503, -2.271855305304877, 14, 51.17609125905568]
[-2.6350133353243503, -2.271855305304877, 14, 51.17609125905568]
[-2.6350133353243503, -2.271855305304877, 14, 51.17609125905568]
[-2.6350133353243503, -2.271855305304877, 14, 51.17609125905568]
[-2.6350133353243503, -2.271855305304877, 15, 51.204119982655925]
[-2.6350133353243503, -2.271855305304877, 15, 51.204119982655925]
[-2.6350133353243503, -2.271855305304877, 15, 51.204119982655925]
[-2.6350133353243503, -2.271855305304877, 15, 51.204119982655925]
[-2.6350133353243503, -2.30101945770089, 16, 51.230448921378276]
[-2.6350133353243503, -2.275286382057349, 16, 51.230448921378276]
[-2.6350133353243503, -2.271855305304877, 16, 51.230448921378276]
[-2.6350133353243503, -2.271855305304877, 16, 51.230448921378276]
[-2.6350133353243503, -2.271855305304877, 17, 51.25527250510331]
[-2.6350133353243503, -2.271855305304877, 17, 51.25527250510331]
[-2.6350133353243503, -2.271855305304877, 17, 51.25527250510331]
[-2.6350133353243503, -2.271855305304877, 17, 51.25527250510331]
[-2.6350133353243503, -2.271855305304877, 18, 51.278753600952825]
[-2.6350133353243503, -2.271855305304877, 18, 51.278753600952825]
[-2.6350133353243503, -2.271855305304877, 18, 51.278753600952825]
[-2.6350133353243503, -2.271855305304877, 18, 51.278753600952825]
[-2.6350133353243503, -2.271855305304877, 19, 51.30102999566398]
[-2.6350133353243503, -2.271855305304877, 19, 51.30102999566398]
[-2.6350133353243503, -2.271855305304877, 19, 51.30102999566398]
[-2.6350133353243503, -2.271855305304877, 19, 51.30102999566398]
[-2.6350133353243503, -2.271855305304877, 20, 51.32221929473392]
[-2.6350133353243503, -2.271855305304877, 20, 51.32221929473392]
[-2.6350133353243503, -2.271855305304877, 20, 51.32221929473392]
[-2.6350133353243503, -2.271855305304877, 20, 51.32221929473392]
[-2.6350133353243503, -2.271855305304877, 21, 51.3424226808222]
[-2.6350133353243503, -2.271855305304877, 21, 51.3424226808222]
[-2.6350133353243503, -2.271855305304877, 21, 51.3424226808222]
[-2.607564721304573, -2.2721769687504207, 21, 51.3424226808222]
[-2.6350133353243503, -2.271855305304877, 22, 51.36172783601759]
[-2.6350133353243503, -2.271855305304877, 22, 51.36172783601759]
[-2.6350133353243503, -2.271855305304877, 22, 51.36172783601759]
[-2.634798893027321, -2.271855305304877, 22, 51.36172783601759]
[-2.6350133353243503, -2.271855305304877, 23, 51.380211241711606]
[-2.6350133353243503, -2.271855305304877, 23, 51.380211241711606]
[-2.6350133353243503, -2.271855305304877, 23, 51.380211241711606]
[-2.607564721304573, -2.271855305304877, 23, 51.380211241711606]
[-2.6350133353243503, -2.271855305304877, 24, 51.39794000867204]
[-2.634798893027321, -2.271855305304877, 24, 51.39794000867204]
[-2.607564721304573, -2.271855305304877, 24, 51.39794000867204]
[-2.607564721304573, -2.271855305304877, 24, 51.39794000867204]
[-2.634798893027321, -2.271855305304877, 25, 51.414973347970815]
[-2.634798893027321, -2.271855305304877, 25, 51.414973347970815]
[-2.607564721304573, -2.299303919324654, 25, 51.414973347970815]
[-2.6073502790075436, -2.271855305304877, 25, 51.414973347970815]
[-2.634798893027321, -2.3027349960771257, 26, 51.43136376415899]
[-2.607564721304573, -2.271855305304877, 26, 51.43136376415899]
[-2.6073502790075436, -2.2994111404731683, 26, 51.43136376415899]
[-2.6073502790075436, -2.271855305304877, 26, 51.43136376415899]
[-2.6073502790075436, -2.271855305304877, 27, 51.44715803134222]
[-2.6073502790075436, -2.271855305304877, 27, 51.44715803134222]
[-2.6073502790075436, -2.271855305304877, 27, 51.44715803134222]
[-2.5523458298194743, -2.271855305304877, 27, 51.44715803134222]
[-2.6350133353243503, -2.271855305304877, 28, 51.462397997898954]
[-2.634798893027321, -2.271855305304877, 28, 51.462397997898954]
[-2.6073502790075436, -2.271855305304877, 28, 51.462397997898954]
[-2.6073502790075436, -2.271855305304877, 28, 51.462397997898954]
[-2.634798893027321, -2.271855305304877, 29, 51.47712125471966]
[-2.6073502790075436, -2.271855305304877, 29, 51.47712125471966]
[-2.6073502790075436, -2.271855305304877, 29, 51.47712125471966]
[-2.6073502790075436, -2.271855305304877, 29, 51.47712125471966]
[-2.634798893027321, -2.271855305304877, 30, 51.49136169383427]
[-2.6073502790075436, -2.271855305304877, 30, 51.49136169383427]
[-2.580116107284796, -2.271855305304877, 30, 51.49136169383427]
[-2.5523458298194743, -2.271855305304877, 30, 51.49136169383427]
[-2.6350133353243503, -2.271855305304877, 31, 51.505149978319906]
[-2.6073502790075436, -2.271855305304877, 31, 51.505149978319906]
[-2.580116107284796, -2.271855305304877, 31, 51.505149978319906]
[-2.5524530509679892, -2.271855305304877, 31, 51.505149978319906]
[-2.6350133353243503, -2.271855305304877, 32, 51.518513939877884]
[-2.5524530509679892, -2.271855305304877, 32, 51.518513939877884]
[-2.5523458298194743, -2.271855305304877, 32, 51.518513939877884]
[-2.5523458298194743, -2.271855305304877, 32, 51.518513939877884]
[-2.6350133353243503, -2.271855305304877, 33, 51.53147891704226]
[-2.6350133353243503, -2.271855305304877, 33, 51.53147891704226]
[-2.5523458298194743, -2.271855305304877, 33, 51.53147891704226]
[-2.5523458298194743, -2.271855305304877, 33, 51.53147891704226]
[-2.5523458298194743, -2.271855305304877, 34, 51.544068044350276]
[-2.5523458298194743, -2.271855305304877, 34, 51.544068044350276]
[-2.5523458298194743, -2.271855305304877, 34, 51.544068044350276]
[-2.5523458298194743, -2.271855305304877, 34, 51.544068044350276]
[-2.6350133353243503, -2.271855305304877, 35, 51.55630250076729]
[-2.5523458298194743, -2.271855305304877, 35, 51.55630250076729]
[-2.5523458298194743, -2.271855305304877, 35, 51.55630250076729]
[-2.5523458298194743, -2.271855305304877, 35, 51.55630250076729]
[-2.552560272116504, 1.0216567136228392, 36, 51.568201724066995]
[-2.5523458298194743, -2.271855305304877, 36, 51.568201724066995]
[-1.1456043613058946, -2.8528867091063317, 36, 51.568201724066995]
[-1.1456043613058946, -2.82082758570042, 36, 51.568201724066995]
[-2.5523458298194743, 0.47300609667283977, 37, 51.57978359661681]
[-1.1456043613058946, -2.8528867091063317, 37, 51.57978359661681]
[-1.1456043613058946, -2.82082758570042, 37, 51.57978359661681]
[-1.1456043613058946, -2.82082758570042, 37, 51.57978359661681]
[-1.1456043613058946, -2.82082758570042, 38, 51.591064607026496]
[-1.1456043613058946, -2.82082758570042, 38, 51.591064607026496]
[-1.1456043613058946, -2.82082758570042, 39, 51.60205999132796]
[-0.17235799623746795, 3.0784800055813752, 39, 51.60205999132796]
[0.6514220878013912, 2.470107208908658, 39, 51.60205999132796]
[1.6927538821766879, -2.004767424354623, 39, 51.60205999132796]
[-2.7498471853836524, -1.8439357015824913, 40, 51.61278385671974]
[-1.1625453027712265, -2.9963486058190734, 40, 51.61278385671974]
[-0.6897000378211584, 2.9643967035616763, 40, 51.61278385671974]
[3.47412604360082, 0.268749808752232, 40, 51.61278385671974]
[-2.6350133353243503, -3.3758042504127896, 0, 100.0]
[-3.5133689839572195, -2.4942319673244775, 1, 100.30102999566398]
[-3.5133689839572195, -2.2727130744929944, 1, 100.30102999566398]
[-2.6350133353243503, -3.2626859387297236, 1, 100.30102999566398]
[-2.6350133353243503, -2.4923019866512117, 1, 100.30102999566398]
[-2.6350133353243503, -2.387654145700812, 1, 100.30102999566398]
[-3.5133689839572195, -2.387654145700812, 2, 100.47712125471966]
[-3.5133689839572195, -2.2744286128692304, 2, 100.47712125471966]
[-3.5133689839572195, -2.2727130744929944, 2, 100.47712125471966]
[-3.5133689839572195, -2.2727130744929944, 2, 100.47712125471966]
[-2.6350133353243503, -2.605849182928337, 2, 100.47712125471966]
[-3.5133689839572195, -2.6014531158392318, 4, 100.69897000433602]
[-2.6350133353243503, -2.6314750374233635, 4, 100.69897000433602]
[-3.5133689839572195, -2.2727130744929944, 5, 100.77815125038364]
[-3.5133689839572195, -2.271855305304877, 5, 100.77815125038364]
[-3.5133689839572195, -2.271855305304877, 5, 100.77815125038364]
[-2.6350133353243503, -2.6313678162748486, 5, 100.77815125038364]
[-3.5133689839572195, -3.3700143083929928, 6, 100.84509804001425]
[-3.5133689839572195, -2.2744286128692304, 6, 100.84509804001425]
[-3.5133689839572195, -2.271855305304877, 6, 100.84509804001425]
[-2.6350133353243503, -3.3717298467692287, 6, 100.84509804001425]
[-2.6350133353243503, -3.150210953937746, 6, 100.84509804001425]
[-3.5133689839572195, -3.4857059276404128, 7, 100.90308998699194]
[-2.6350133353243503, -2.6012386735422024, 7, 100.90308998699194]
[-2.6350133353243503, -2.494875294215566, 7, 100.90308998699194]
[-3.5133689839572195, -2.271855305304877, 8, 100.95424250943933]
[-2.6350133353243503, -2.5240394466115794, 8, 100.95424250943933]
[-2.6350133353243503, -2.385188059284972, 8, 100.95424250943933]
[-3.5133689839572195, -2.6313678162748486, 9, 101.0]
[-3.5133689839572195, -2.271855305304877, 9, 101.0]
[-2.6350133353243503, -3.2653664674425924, 9, 101.0]
[-2.6350133353243503, -2.5241466677600943, 9, 101.0]
[-2.6350133353243503, -2.495840284552199, 9, 101.0]
[-2.6350133353243503, -3.4815243028483374, 10, 101.04139268515823]
[-2.6350133353243503, -3.154499799878336, 10, 101.04139268515823]
[-2.6350133353243503, -2.3818642036810145, 10, 101.04139268515823]
[-2.6350133353243503, -3.3989640184919763, 11, 101.07918124604763]
[-2.6350133353243503, -2.6012386735422024, 11, 101.07918124604763]
[-2.6350133353243503, -2.4924092077997266, 11, 101.07918124604763]
[-2.6350133353243503, -3.4006795568682127, 12, 101.11394335230683]
[-2.6350133353243503, -2.491444217463094, 12, 101.11394335230683]
[-3.5133689839572195, -2.275286382057349, 13, 101.14612803567823]
[-3.5133689839572195, -2.271855305304877, 13, 101.14612803567823]
[-3.5133689839572195, -2.271855305304877, 14, 101.17609125905568]
[-2.6350133353243503, -3.484848158452295, 15, 101.20411998265593]
[-2.6350133353243503, -3.292707860313855, 15, 101.20411998265593]
[-3.5133689839572195, -2.273570843681113, 16, 101.23044892137827]
[-2.6350133353243503, -3.29260063916534, 16, 101.23044892137827]
[-2.6350133353243503, -3.151926492313982, 16, 101.23044892137827]
[-2.6350133353243503, -3.509937907204747, 18, 101.27875360095283]
[-2.6350133353243503, -2.4093128177007923, 18, 101.27875360095283]
[-2.6350133353243503, -2.3816497613839855, 18, 101.27875360095283]
[-2.6350133353243503, -3.5098306860562327, 19, 101.30102999566398]
[-3.5133689839572195, -2.2778596896217027, 20, 101.32221929473391]
[-3.5133689839572195, -2.271855305304877, 20, 101.32221929473391]
[-2.6350133353243503, -3.3972484801157403, 20, 101.32221929473391]
[-2.6350133353243503, -3.375911471561304, 20, 101.32221929473391]
[-2.6350133353243503, -3.3701215295415077, 20, 101.32221929473391]
[-2.6350133353243503, -2.491444217463094, 20, 101.32221929473391]
[-2.6350133353243503, -2.6038119811065568, 21, 101.34242268082221]
[-2.6350133353243503, -3.5082223688285112, 22, 101.3617278360176]
[-3.5133689839572195, -2.271855305304877, 23, 101.3802112417116]
[-2.6350133353243503, -3.3973557012642552, 23, 101.3802112417116]
[-2.6350133353243503, -3.374195933185068, 23, 101.3802112417116]
[-2.6350133353243503, -3.177659567957523, 23, 101.3802112417116]
[-3.5133689839572195, -2.6306172682352456, 24, 101.39794000867204]
[-2.607564721304573, -2.496590832591802, 24, 101.39794000867204]
[-2.607564721304573, -2.385188059284972, 24, 101.39794000867204]
[-3.5133689839572195, -2.382614751720618, 25, 101.41497334797081]
[-3.51315454166019, -2.271855305304877, 25, 101.41497334797081]
[-2.6350133353243503, -2.634798893027321, 25, 101.41497334797081]
[-2.6350133353243503, -2.6315822585718784, 25, 101.41497334797081]
[-2.634798893027321, -3.371622625620714, 25, 101.41497334797081]
[-2.634798893027321, -3.1836639522743493, 25, 101.41497334797081]
[-2.634798893027321, -2.383472520908736, 25, 101.41497334797081]
[-2.607564721304573, -3.177659567957523, 26, 101.43136376415899]
[-3.5133689839572195, -2.271855305304877, 27, 101.44715803134221]
[-3.51315454166019, -2.276358593542496, 27, 101.44715803134221]
[-2.6350133353243503, -2.491658659760123, 27, 101.44715803134221]
[-2.634798893027321, -2.3816497613839855, 27, 101.44715803134221]
[-2.6073502790075436, -3.1822700773436576, 27, 101.44715803134221]
[-2.6073502790075436, -3.179589548630789, 27, 101.44715803134221]
[-2.6073502790075436, -2.409205596552277, 27, 101.44715803134221]
[-2.6073502790075436, -2.383472520908736, 27, 101.44715803134221]
[-2.6073502790075436, -2.520822812156137, 28, 101.46239799789896]
[-3.5133689839572195, -2.271855305304877, 29, 101.47712125471966]
[-2.6073502790075436, -3.293565629501973, 29, 101.47712125471966]
[-2.6073502790075436, -3.154499799878336, 29, 101.47712125471966]
[-2.6073502790075436, -2.4093128177007923, 29, 101.47712125471966]
[-3.5133689839572195, -2.271855305304877, 30, 101.49136169383428]
[-2.634798893027321, -2.4108139137799984, 30, 101.49136169383428]
[-2.6073502790075436, -3.2600054100168547, 30, 101.49136169383428]
[-2.6073502790075436, -3.1778740102545524, 30, 101.49136169383428]
[-3.458471755917665, -3.4832398412245733, 31, 101.5051499783199]
[-2.580116107284796, -3.4859203699374426, 31, 101.5051499783199]
[-2.5524530509679892, -3.5133689839572195, 31, 101.5051499783199]
[-2.6350133353243503, -3.3726948371058616, 32, 101.51851393987789]
[-2.6350133353243503, -2.4923019866512117, 32, 101.51851393987789]
[-2.634798893027321, -2.49315975583933, 32, 101.51851393987789]
[-3.5133689839572195, -3.1839856157198936, 33, 101.53147891704225]
[-3.5132617628087046, -2.271855305304877, 33, 101.53147891704225]
[-3.4858131487889277, -2.382721972869133, 33, 101.53147891704225]
[-3.458471755917665, -2.273570843681113, 33, 101.53147891704225]
[-2.580008886136281, -3.2600054100168547, 33, 101.53147891704225]
[-2.5799016649877666, -2.518892831482871, 33, 101.53147891704225]
[-2.5526674932650186, -3.1531059249476443, 33, 101.53147891704225]
[-3.5133689839572195, -2.519857821819504, 34, 101.54406804435027]
[-3.4857059276404128, -3.2937800717990022, 34, 101.54406804435027]
[-3.430701478452344, -2.5250044369482123, 34, 101.54406804435027]
[-3.430701478452344, -2.5248972157996974, 34, 101.54406804435027]
[-3.430701478452344, -2.273892507126657, 34, 101.54406804435027]
[-2.552560272116504, -2.415424423166133, 34, 101.54406804435027]
[-3.4309159207493733, -2.271855305304877, 35, 101.55630250076729]
[-2.5523458298194743, -2.521680581344255, 35, 101.55630250076729]
[-3.4858131487889277, -2.383686963205766, 36, 101.568201724067]
[-2.607564721304573, -2.496590832591802, 36, 101.568201724067]
[-2.5523458298194743, -2.4917658809086385, 36, 101.568201724067]
[-3.431023141897888, -2.82082758570042, 37, 101.5797835966168]
[-3.341493482888068, -3.0716178520764306, 37, 101.5797835966168]
[-2.991523654135909, -2.8211492491459644, 37, 101.5797835966168]
[-2.463137834255199, -2.8226503452251706, 37, 101.5797835966168]
[-1.1456043613058946, 1.0216567136228392, 37, 101.5797835966168]
[-1.1456043613058946, 1.0216567136228392, 37, 101.5797835966168]
[-1.1456043613058946, 1.0216567136228392, 37, 101.5797835966168]
[-0.8230831465735129, -2.05430359496844, 37, 101.5797835966168]
[-3.506292388155246, -2.825974200829128, 38, 101.5910646070265]
[-3.430701478452344, 1.4610489802363027, 38, 101.5910646070265]
[-3.341600704036583, -2.052373614295174, 38, 101.5910646070265]
[-3.341493482888068, -3.369907087244478, 38, 101.5910646070265]
[-3.074191159640785, -3.0681867753239587, 38, 101.5910646070265]
[-2.552560272116504, -3.509080138016629, 38, 101.5910646070265]
[-2.5248972157996974, -3.5107956763928656, 38, 101.5910646070265]
[-2.133754466017873, -3.260219852313884, 38, 101.5910646070265]
[-2.003373549423931, -3.403574527878111, 38, 101.5910646070265]
[-1.667128027681661, -3.2937800717990022, 38, 101.5910646070265]
[-3.4241609883929436, -2.82082758570042, 39, 101.60205999132796]
[-3.0189722681556863, -1.8346074616617076, 39, 101.60205999132796]
[-2.470107208908658, -3.0407381613041817, 39, 101.60205999132796]
[-1.7014387952063823, 1.0216567136228392, 39, 101.60205999132796]
[-1.6739901811866051, 1.461156201384818, 39, 101.60205999132796]
[-1.2008232527909937, 1.0216567136228392, 39, 101.60205999132796]
[-1.1456043613058946, 0.6924877876825422, 39, 101.60205999132796]
[-1.6397866348103987, -0.23583291615820245, 40, 101.61278385671973]
[-0.7659342744151489, 0.5643585152074113, 40, 101.61278385671973]
[-0.6724374329102831, 0.2603865591680812, 40, 101.61278385671973]
[-0.21063594625723514, -1.972493858651682, 40, 101.61278385671973]
[0.5182534213460661, 1.7639487247904846, 40, 101.61278385671973]
[0.6203279547321126, -1.0558602599990454, 40, 101.61278385671973]
[1.6676641334242355, 1.1582564568306362, 40, 101.61278385671973]
[1.67002299869156, -0.9491752172268648, 40, 101.61278385671973]
[3.3737670485910085, 2.8656460257795873, 40, 101.61278385671973]
[3.3771981253434813, 2.5125667837205006, 40, 101.61278385671973]
