[-1.1659697519207697, -2.9553914078197034, 0, -0.0018657642463763455]
[-1.1659697519207697, -2.9553914078197034, 1, -0.001865764243941043]
[-1.1659697519207697, -2.9553377980123523, 0, -0.001865764144574347]
[-1.1659697519207697, -2.9553377980123523, 1, -0.001865764144574347]
[-1.1659697519207697, -2.9553377980123523, 2, -0.001865764144574347]
[-1.1659697519207697, -2.9553377980123523, 3, -0.001865764144574347]
[-1.1659697519207697, -2.9553377980123523, 4, -0.001865764144574347]
[-1.1659697519207697, -2.9553377980123523, 5, -0.001865764144574347]
[-1.1659697519207697, -2.9553377980123523, 6, -0.001865764144574347]
[-1.1659697519207697, -2.9553377980123523, 7, -0.001865764144574347]
[-1.1659697519207697, -2.9553377980123523, 8, -0.001865764144574347]
[-1.1659697519207697, -2.9553377980123523, 9, -0.001865764144574347]
[-1.1659697519207697, -2.9553377980123523, 10, -0.001865764144574347]
[-1.1110733091931109, -2.8248582281453785, 0, -0.001865522636085043]
[-1.248274208656745, -2.145508048164679, 0, -0.0018642165890312495]
[-1.248274208656745, -2.145508048164679, 1, -0.0018642165890312495]
[-1.248274208656745, -2.145508048164679, 2, -0.0018642165865979405]
[2.266766731167242, -2.1730098793358597, 0, -0.001864110387365409]
[2.266766731167242, -2.1730098793358597, 1, -0.001864110387365409]
[2.266766731167242, -2.1730098793358597, 2, -0.0018641103847511474]
[2.2101480733784244, -2.042684437665021, 0, -0.0018638756234094756]
[2.2668203409745926, -1.9328446436282702, 1, -0.0018636562086589306]
[2.2668203409745926, -1.9328446436282702, 2, -0.0018636562086589306]
[2.2668203409745926, -1.9328446436282702, 2, -0.0018636562086589306]
[2.2668203409745926, -1.9328446436282702, 3, -0.0018636562086589306]
[2.2668203409745926, -1.9328446436282702, 3, -0.0018636562086589306]
[2.2668203409745926, -1.9328446436282702, 4, -0.0018636562086589306]
[2.2668203409745926, -1.9328446436282702, 5, -0.0018636562086589306]
[2.2668203409745926, -1.9328446436282702, 6, -0.0018636562086589306]
[2.2668203409745926, -1.9328446436282702, 7, -0.0018636562073524943]
[2.2668203409745926, -1.9328446436282702, 4, -0.001863656206045727]
[2.294268562338422, -1.9328446436282702, 2, -0.0018636504683581534]
[2.294268562338422, -1.9328446436282702, 3, -0.0018636504683581534]
[2.294268562338422, -1.9328446436282702, 4, -0.0018636504657438605]
[2.3486758155740013, -1.9328446436282702, 4, -0.0018636388856088802]
[2.3486758155740013, -1.9328446436282702, 5, -0.001863638884300827]
[2.4035722583016597, -1.9328446436282702, 4, -0.0018636269234567574]
[2.4035722583016597, -1.9328446436282702, 5, -0.0018636269234567574]
[2.4035722583016597, -1.9328446436282702, 6, -0.0018636269234567574]
[2.4035722583016597, -1.9328446436282702, 7, -0.0018636269234567574]
[2.4035722583016597, -1.9328446436282702, 8, -0.0018636269208381763]
[2.407271335008895, -1.502934196026923, 5, -0.0018628135769655657]
[2.407271335008895, -1.502934196026923, 6, -0.0018628135769655657]
[2.407271335008895, -1.502934196026923, 7, -0.0018628135769655657]
[2.407271335008895, -1.502934196026923, 8, -0.0018628135769655657]
[2.407271335008895, -1.502934196026923, 9, -0.0018628135769655657]
[2.407271335008895, -1.502934196026923, 10, -0.0018628135769655657]
[2.256527257963157, -1.1994691802893693, 7, -0.001862271024149857]
[2.256527257963157, -1.1994691802893693, 8, -0.0018622710228449575]
[-2.7188984439156734, -1.199475881515288, 8, -0.0018621540084016422]
[-2.7188984439156734, -1.199475881515288, 9, -0.0018621540084016422]
[-2.7188984439156734, -1.199475881515288, 10, -0.0018621540084016422]
[2.256527257963157, -1.0897299046414024, 6, -0.0018620633829192549]
[-2.6912357833224387, -1.051003520056058, 8, -0.0018618806157725645]
[-2.6912357833224387, -1.051003520056058, 9, -0.0018618806145985927]
[2.407271335008895, -0.9516243396787161, 7, -0.0018617712839742073]
[-2.6912357833224387, -0.9344289939708093, 8, -0.0018616606133023239]
[2.256527257963157, 1.1420061680347695, 9, -0.001857838351738631]
[2.256527257963157, 1.1420061680347695, 10, -0.0018578383504381409]
[1.67721967972577, 2.301097111549785, 10, -0.0018557290560595587]
[1.67721967972577, 2.301097111549785, 9, -0.0018557290547717385]
[-1.1659697519207697, -3.0514065727857558, 0, 0.01715992861942273]
[-1.2740538247667672, -2.9553914078197034, 0, 0.017160124236449702]
[-1.106100999561284, -2.732314298205319, 9, 0.017160527773488764]
[2.2668203409745926, -2.179871934676817, 1, 0.01716175183986473]
[2.266766731167242, -2.1729562695285085, 1, 0.01716176490557271]
[2.2668203409745926, -2.145508048164679, 1, 0.01716181681983445]
[2.256527257963157, -1.9328446436282702, 6, 0.017162216848136225]
[2.266766731167242, -1.9328446436282702, 2, 0.017162218971762445]
[2.266766731167242, -1.9328446436282702, 2, 0.017162218971762445]
[2.266766731167242, -1.9328446436282702, 3, 0.017162218971762445]
[2.2668203409745926, -1.9328446436282702, 0, 0.017162218982906256]
[2.2668203409745926, -1.9328446436282702, 1, 0.017162218982906256]
[2.2101480733784244, -1.9259825882873127, 0, 0.01716222033134568]
[2.294268562338422, -1.9328446436282702, 2, 0.017162224723207577]
[2.3486758155740013, -1.9328446436282702, 3, 0.017162236305957923]
[-2.7034990267540326, -1.7501558226271179, 8, 0.017162678628391694]
[2.405730053047548, -1.502934196026923, 4, 0.017163061281405958]
[2.407271335008895, -1.502934196026923, 4, 0.017163061614601422]
[2.3765596166225595, -1.4928019424375405, 4, 0.017163074171371813]
[2.256527257963157, -1.253420750162463, 9, 0.017163502090212182]
[2.256527257963157, -1.1994691802893693, 6, 0.017163604167413794]
[2.3472417532273555, -1.1995026864189637, 9, 0.01716362259446091]
[-2.7188984439156734, -1.199475881515288, 7, 0.01716372118302932]
[2.256527257963157, -1.0897299046414024, 5, 0.017163811807339495]
[2.256527257963157, 1.1420061680347695, 8, 0.01716803683982061]
[-1.4860001981298532, 3.409044298851726, 10, 100]
[-1.1659697519207697, -1.953531328039926, 3, 100]
[-1.1659697519207697, -1.9328446436282702, 3, 100]
[-1.16468311654434, -1.9328446436282702, 3, 100]
[-1.1543498261773908, -1.199475881515288, 9, 100]
[-1.1110733091931109, -0.9781812979953313, 5, 100]
[-1.0528262535059998, -0.07789840069429621, 10, 100]
[-0.9382486927445846, -1.9328446436282702, 7, 100]
[-0.906886955444115, -1.3864936944600523, 7, 100]
[-0.534365806612259, 0.5863070087096816, 10, 100]
[-0.24481923710826825, -1.978319162713951, 10, 100]
[0.44450906826567893, -1.051003520056058, 8, 100]
[0.8733339172681642, -1.9293063963430892, 7, 100]
[2.213592503500741, -0.17262022905799945, 5, 100]
[2.256527257963157, -2.9553377980123523, 5, 100]
[2.2668203409745926, -3.037742773137111, 3, 100]
[2.2668203409745926, -2.9553377980123523, 1, 100]
[2.2668203409745926, -2.9553377980123523, 2, 100]
[2.2940541231090164, -3.030713187148181, 6, 100]
[2.294214952531071, -2.956182152478134, 6, 100]
[2.297699590008901, -3.0709205426616033, 5, 100]
[2.2979073280123865, -0.3065174241436144, 6, 100]
[2.4035722583016597, -2.811134117463464, 4, 100]
[2.6689810120457604, 2.2988589020928707, 10, 100]
