[-2.4818018800997317, -0.4511594432765542, 19, -3.8293958517770994]
[-2.4818018800997317, -0.4511594432765542, 18, -3.7929909034652196]
[-2.4818018800997317, -0.4511594432765542, 18, -3.7929847257746356]
[-2.4818018800997317, -0.4511594432765542, 17, -3.7476538258192047]
[-2.4818018800997317, -0.4511594432765542, 17, -3.7476538258192047]
[-2.4818018800997317, -0.4511594432765542, 17, -3.7476476481286198]
[-2.4818018800997317, -0.4511594432765542, 17, -3.7476476481286198]
[-2.4818018800997317, -0.4511594432765542, 17, -3.7476322835110141]
[-2.4818018800997317, -0.4511594432765542, 17, -3.747610947894553]
[-2.4818018800997317, -0.4511594432765542, 17, -3.747610947894553]
[-2.4818018800997317, -1.0245762425463565, 15, -3.733092945102122]
[-2.4818018800997317, -0.512209932266634, 16, -3.7218209175574337]
[-2.4818018800997317, -0.4511594432765542, 16, -3.7029879921109448]
[-2.4818018800997317, -0.4511594432765542, 16, -3.7029879921109448]
[-2.4818018800997317, -0.4511594432765542, 16, -3.7029879921109448]
[-2.4818018800997317, -0.4511594432765542, 16, -3.7029879921109448]
[-2.4818018800997317, -0.4511594432765542, 16, -3.7029818144203608]
[-2.4818018800997317, -0.4511594432765542, 16, -3.7029818144203608]
[-2.4818018800997317, -0.4511594432765542, 16, -3.7029818144203608]
[-2.4818018800997317, -0.4511594432765542, 16, -3.7029818144203608]
[-2.4818018800997317, -0.4511594432765542, 16, -3.7029664498027541]
[-2.4818018800997317, -0.4511594432765542, 16, -3.7029664498027541]
[-2.4818018800997317, -0.4511594432765542, 16, -3.7029664498027541]
[-2.4818018800997317, -0.4511594432765542, 16, -3.7029662361476365]
[-2.4818018800997317, -0.4511594432765542, 16, -3.7029571438832223]
[-2.4818018800997317, -0.4511594432765542, 16, -3.7029571438832223]
[-2.4818018800997317, -0.4511594432765542, 16, -3.702945114186293]
[-2.4818018800997317, -0.4511594432765542, 16, -3.702945114186293]
[-2.4818018800997317, -0.4511594432765542, 16, -3.702945114186293]
[-2.4818018800997317, -1.0245762425463565, 14, -3.6900513701210871]
[-2.4818018800997317, -1.0245762425463565, 14, -3.690044054248764]
[-2.4818018800997317, -0.512209932266634, 15, -3.6779504575621251]
[-2.4818018800997317, -0.512209932266634, 15, -3.6779437658263454]
[-2.483304907796742, -0.51220994753634, 15, -3.6779103612651616]
[-2.4818018800997317, -0.4511594432765542, 15, -3.6495618983062137]
[-2.4818018800997317, -0.4511594432765542, 15, -3.6495618983062137]
[-2.4818018800997317, -0.4511594432765542, 15, -3.6495618983062137]
[-2.4818018800997317, -0.4511594432765542, 15, -3.6495557206156288]
[-2.4818018800997317, -0.4511594432765542, 15, -3.6495557206156288]
[-2.4818018800997317, -0.4511594432765542, 15, -3.6495557206156288]
[-2.4818018800997317, -0.4511594432765542, 15, -3.6495403559980231]
[-2.4818018800997317, -0.4511594432765542, 15, -3.649519020381562]
[-2.4818018800997317, -1.0245762425463565, 13, -3.6479553562390326]
[-2.4818018800997317, -1.0245762425463565, 13, -3.6479553562390326]
[-2.4818018800997317, -1.0245762425463565, 13, -3.6479480403667095]
[-2.4818018800997317, -1.0245762425463565, 13, -3.6479480403667095]
[-2.4818018800997317, -1.0245762425463565, 13, -3.6479336674494132]
[-2.4818018800997317, -1.0246075149041616, 13, -3.6479335181511576]
[-2.4818018800997317, -1.0245762425463565, 13, -3.647916235415142]
[-2.4818018800997317, -1.0245762425463565, 13, -3.6479079970031627]
[-2.4839631046547024, -1.5040723729893122, 17, -3.6477306642157759]
[-2.4818018800997317, -0.512209932266634, 14, -3.6253742561963413]
[-2.4818018800997317, -0.512209932266634, 14, -3.6253742561963413]
[-2.4818018800997317, -0.512209932266634, 14, -3.6253675644605616]
[-2.4818018800997317, -0.512209932266634, 14, -3.6253675644605616]
[-2.4818018800997317, -0.51220994753634, 14, -3.6253534898654243]
[-2.483304907796742, -0.51220994753634, 14, -3.6253483148347652]
[-2.483304907796742, -0.51220994753634, 14, -3.6253341971522124]
[-2.481803353626357, -0.512209932266634, 14, -3.6253315424627317]
[-2.49487397379501, -1.0245762425463565, 13, -3.6192166228394376]
[-2.5458789412425027, -0.5032035027623145, 17, -3.6135076036510645]
[-2.4818018800997317, -0.4511594432765542, 14, -3.6064986345355585]
[-2.4818018800997317, -0.4511594432765542, 14, -3.6064557566109068]
[-2.4818018800997317, -1.0245762425463565, 12, -3.5974571347588276]
[-2.4818018800997317, -1.0245762425463565, 12, -3.5974571347588276]
[-2.4818018800997317, -1.0245762425463565, 12, -3.5974571347588276]
[-2.4818018800997317, -1.0245762425463565, 12, -3.5974571347588276]
[-2.4818018800997317, -1.0245762425463565, 12, -3.5974498188865045]
[-2.4818018800997317, -1.0245762425463565, 12, -3.5974498188865045]
[-2.4818018800997317, -1.0245762425463565, 12, -3.5974498188865045]
[-2.4818018800997317, -1.0245762425463565, 12, -3.5974498188865045]
[-2.4818018800997317, -1.0245762425463565, 12, -3.5974354459692082]
[-2.4818018800997317, -1.0245762425463565, 12, -3.5974354459692082]
[-2.4818018800997317, -1.0245762425463565, 12, -3.5974354193818305]
[-2.4818018800997317, -1.0245762425463565, 12, -3.5974353921703965]
[-2.4818018800997317, -1.0245762425463565, 12, -3.5974097755229577]
[-2.5521021709851412, -0.4511594432765542, 17, -3.5754977857217254]
[-2.4818018800997317, -0.512209932266634, 13, -3.5737653047191573]
[-2.4818018800997317, -0.512209932266634, 13, -3.5737653047191573]
[-2.4818018800997317, -0.512209932266634, 13, -3.5737586129833776]
[-2.4818018800997317, -0.512209932266634, 13, -3.5737586129833776]
[-2.4818018800997317, -0.512209932266634, 13, -3.573744538427837]
[-2.4818018800997317, -0.512209932266634, 13, -3.5737226085048643]
[-2.4818018800997317, -1.0245762425463565, 11, -3.5482476247225279]
[-2.4818018800997317, -1.0245762425463565, 11, -3.5482476247225279]
[-2.4818018800997317, -1.0245762425463565, 11, -3.5482476247225279]
[-2.4818018800997317, -1.0245762425463565, 11, -3.5482476247225279]
[-2.4818018800997317, -1.0245762425463565, 11, -3.5482403088502048]
[-2.4818018800997317, -1.0245762425463565, 11, -3.5482403088502048]
[-2.4818018800997317, -1.0245762425463565, 11, -3.5482403088502048]
[-2.4818018800997317, -1.0245762425463565, 11, -3.5482403088502048]
[-2.4818018800997317, -1.0245762425463565, 11, -3.5482259359329085]
[-2.4818018800997317, -1.0245762425463565, 11, -3.5482259359329085]
[-2.4824586072484935, -1.0245762425463565, 11, -3.5482182610688593]
[-2.4818018800997317, -1.0245762425463565, 11, -3.5482085038986373]
[-2.4818018800997317, -1.0245762425463565, 11, -3.548200265486658]
[-2.4818018800997317, -1.0245762425463565, 11, -3.548200265486658]
[-2.4818018800997317, -1.0245762425463565, 11, -3.548200265486658]
[-2.4868386842287253, -1.0245762425463565, 11, -3.5386541531878324]
[-2.4818018800997317, -1.0245762425463565, 10, -3.5005513420013221]
[-2.4818018800997317, -1.0245762425463565, 10, -3.5005513420013221]
[-2.4818018800997317, -1.0245762425463565, 10, -3.5005513420013221]
[-2.4818018800997317, -1.0245762425463565, 10, -3.5005513420013221]
[-2.4818018800997317, -1.0245762425463565, 10, -3.5005440261289991]
[-2.4818018800997317, -1.0245762425463565, 10, -3.5005440261289991]
[-2.4818018800997317, -1.0245762425463565, 10, -3.5005440261289991]
[-2.4818018800997317, -1.0245762425463565, 10, -3.5005440261289991]
[-2.4818018800997317, -1.0245762425463565, 10, -3.5005296532117027]
[-2.4818018800997317, -1.0245762425463565, 10, -3.5005296532117027]
[-2.4818018800997317, -1.0245762425463565, 10, -3.5005296532117027]
[-2.4818018800997317, -1.0245762425463565, 10, -3.5005296532117027]
[-2.4818018800997317, -1.024732604335382, 10, -3.49100781828969]
[-2.4818018800997317, -1.0245762425463565, 10, -3.490999283582302]
[-2.4818018800997317, -1.0245762425463565, 10, -3.4909910451703228]
[-2.4818018800997317, -1.0245762425463565, 10, -3.4909910451703228]
[-2.4818018800997317, -1.0245762425463565, 10, -3.4909910451703228]
[-2.5458513336141273, -0.512209932266634, 14, -3.4818434468508537]
[-2.4818018800997317, -1.0245762425463565, 9, -3.4451441838193997]
[-2.4818018800997317, -1.0245762425463565, 9, -3.4451441838193997]
[-2.4818018800997317, -1.0245762425463565, 9, -3.4451441838193997]
[-2.4818018800997317, -1.0245762425463565, 9, -3.4451441838193997]
[-2.4818018800997317, -1.0245762425463565, 9, -3.4451368679470762]
[-2.4818018800997317, -1.0245762425463565, 9, -3.4451368679470762]
[-2.4818018800997317, -1.0245762425463565, 9, -3.4451368679470762]
[-2.4818018800997317, -1.0245762425463565, 9, -3.4451368679470762]
[-2.4818018800997317, -1.0245762425463565, 9, -3.4356095574346512]
[-2.4818018800997317, -1.0245762425463565, 9, -3.4356095574346512]
[-2.4818018800997317, -1.0245762425463565, 9, -3.4356095574346512]
[-2.4818018800997317, -1.0245762425463565, 9, -3.4355921254003796]
[-2.4818018800997317, -1.0245762425463565, 9, -3.4355838869883999]
[-2.4818018800997317, -1.0245762425463565, 9, -3.4355838869883999]
[-2.4818018800997317, -1.0245762425463565, 9, -3.4355838869883999]
[-2.4818018800997317, -1.0245762425463565, 9, -3.4355838869883999]
[-2.4818018800997317, -1.0245762425463565, 8, -3.3824064907435729]
[-2.4818018800997317, -1.0245762425463565, 8, -3.3824064907435729]
[-2.4818018800997317, -1.0245762425463565, 8, -3.3824064907435729]
[-2.4818018800997317, -1.0245762425463565, 8, -3.3824064907435729]
[-2.4818018800997317, -1.0245762425463565, 8, -3.3823991748712494]
[-2.4818018800997317, -1.0245762425463565, 8, -3.3823991748712494]
[-2.4818018800997317, -1.0245762425463565, 8, -3.3823991748712494]
[-2.4818018800997317, -1.0245762425463565, 8, -3.3823991748712494]
[-2.4818018800997317, -1.0245762425463565, 8, -3.382384801953954]
[-2.4818018800997317, -1.0245762425463565, 8, -3.382384801953954]
[-2.4818018800997317, -1.0245762425463565, 8, -3.3823766529275328]
[-2.4818018800997317, -1.0245762425463565, 8, -3.3823673699196823]
[-2.4818018800997317, -1.0245762425463565, 8, -3.3823591315077026]
[-2.4818018800997317, -1.0245762425463565, 8, -3.3823591315077026]
[-2.4818018800997317, -1.0245762425463565, 8, -3.3823591315077026]
[-2.4818018800997317, -1.0245762425463565, 8, -3.3823591240213058]
[-2.5545123490086494, -1.0245762425463565, 10, -3.3474604396862384]
[-2.4818018800997317, -1.0245762425463565, 7, -3.322366313611099]
[-2.4818018800997317, -1.0245762425463565, 7, -3.322366313611099]
[-2.4818018800997317, -1.0245762425463565, 7, -3.322366313611099]
[-2.4818018800997317, -1.0245762425463565, 7, -3.322366313611099]
[-2.4818018800997317, -1.0245762425463565, 7, -3.3223589977387755]
[-2.4818018800997317, -1.0245762425463565, 7, -3.3223589977387755]
[-2.4818018800997317, -1.0245762425463565, 7, -3.3223589977387755]
[-2.4818018800997317, -1.0245762425463565, 7, -3.3223589977387755]
[-2.4818018800997317, -1.0245762425463565, 7, -3.3223446248214801]
[-2.4818018800997317, -1.0245762425463565, 7, -3.3223446248214801]
[-2.4818018800997317, -1.0245762425463565, 7, -3.3223446248214801]
[-2.4818028573609134, -1.0246075149041616, 7, -3.3223444641020623]
[-2.4818018800997317, -1.0245762578160624, 7, -3.3128142551190365]
[-2.4818018800997317, -1.0245762425463565, 7, -3.3128060167800997]
[-2.4818018800997317, -1.0245762425463565, 7, -3.3128060167800997]
[-2.4818018800997317, -1.0245762425463565, 7, -3.3128060167800997]
[-2.5468503388568253, -1.0245762425463565, 9, -3.3111844246432254]
[-2.550100740085611, -1.0245762425463565, 9, -3.3016264293960225]
[-2.4818018800997317, -1.0245762425463565, 6, -3.2467199735535193]
[-2.4818018800997317, -1.0245762425463565, 6, -3.2467199735535193]
[-2.4818018800997317, -1.0245762425463565, 6, -3.2467199735535193]
[-2.4818018800997317, -1.0245762425463565, 6, -3.2467199735535193]
[-2.4818018800997317, -1.0245762425463565, 6, -3.2467126576811958]
[-2.4818018800997317, -1.0245762425463565, 6, -3.2467126576811958]
[-2.4818018800997317, -1.0245762425463565, 6, -3.2467126576811958]
[-2.4818018800997317, -1.0245762425463565, 6, -3.2467126576811958]
[-2.4818018800997317, -1.0245762425463565, 6, -3.2466982847639003]
[-2.4818018800997317, -1.0245762425463565, 6, -3.2466982847639003]
[-2.4818018800997317, -1.0245762425463565, 6, -3.2466982847639003]
[-2.4818018800997317, -1.0247013472472828, 6, -3.246689537031147]
[-2.4818018800997317, -1.0245762425463565, 6, -3.2466808527296287]
[-2.4818018800997317, -1.0245762425463565, 6, -3.246672614317649]
[-2.4818018800997317, -1.0245762425463565, 6, -3.246672614317649]
[-2.4818018800997317, -1.0245762425463565, 6, -3.246672614317649]
[-2.4818018800997317, -1.0245762425463565, 6, -3.246672614317649]
[-2.4918093094520897, -1.0245762425463565, 6, -3.2275474960346289]
[-2.4818018800997317, -1.0245762425463565, 5, -3.1755510548224026]
[-2.4818018800997317, -1.0245762425463565, 5, -3.1755510548224026]
[-2.4818018800997317, -1.0245762425463565, 5, -3.1755510548224026]
[-2.4818018800997317, -1.0245762425463565, 5, -3.1755510548224026]
[-2.4818018800997317, -1.0245762425463565, 5, -3.1755437389500791]
[-2.4818018800997317, -1.0245762425463565, 5, -3.1755437389500791]
[-2.4818018800997317, -1.0245762425463565, 5, -3.1755437389500791]
[-2.4818018800997317, -1.0245762425463565, 5, -3.1755437389500791]
[-2.4818018800997317, -1.0245762425463565, 5, -3.1755293660327837]
[-2.4818018800997317, -1.0245762425463565, 5, -3.1755036955865323]
[-2.4818018800997317, -1.0245762425463565, 5, -3.1755036955865323]
[-2.4913736990979025, -1.0245762425463565, 5, -3.1563916974953252]
[-2.4959719305497523, -1.0245762578160624, 5, -3.1467995196413057]
[-2.554510111996726, -1.0245762425463565, 6, -3.1126549722990728]
[-2.4818018800997317, -1.0245762425463565, 4, -3.0914734891095335]
[-2.4818018800997317, -1.0245762425463565, 4, -3.0914734891095335]
[-2.4818018800997317, -1.0245762425463565, 4, -3.0914734891095335]
[-2.4818018800997317, -1.0245762425463565, 4, -3.0914734891095335]
[-2.4818018800997317, -1.0245762425463565, 4, -3.09146617323721]
[-2.4818018800997317, -1.0245762425463565, 4, -3.09146617323721]
[-2.4818018800997317, -1.0245762425463565, 4, -3.09146617323721]
[-2.4818018800997317, -1.0245762425463565, 4, -3.09146617323721]
[-2.4818018800997317, -1.0245762425463565, 4, -3.0914518003199145]
[-2.4818018800997317, -1.0245762425463565, 4, -3.0914518003199145]
[-2.4818018800997317, -1.0245762425463565, 4, -3.0914518003199145]
[-2.4818018800997317, -1.0245762425463565, 4, -3.0914518003199145]
[-2.4818018800997317, -1.0245762425463565, 4, -3.0914261298736632]
[-2.4818018800997317, -1.0245762425463565, 4, -3.0914261298736632]
[-2.4818018800997317, -1.0245762578160624, 4, -3.0914261298005967]
[-2.4818018800997317, -1.0245762425463565, 3, -2.9972344316866208]
[-2.4818018800997317, -1.0245762425463565, 3, -2.9972344316866208]
[-2.4818018800997317, -1.0245762425463565, 3, -2.9972344316866208]
[-2.4818018800997317, -1.0245762425463565, 3, -2.9972344316866208]
[-2.4818018800997317, -1.0245762425463565, 3, -2.9972271158142973]
[-2.4818018800997317, -1.0245762425463565, 3, -2.9972271158142973]
[-2.4818018800997317, -1.0245762425463565, 3, -2.9972271158142973]
[-2.4818018800997317, -1.0245762425463565, 3, -2.9972271158142973]
[-2.4818018800997317, -1.0245762425463565, 3, -2.9972127428970019]
[-2.4818018800997317, -1.0245762425463565, 3, -2.9972127428970019]
[-2.4818018800997317, -1.0245762425463565, 3, -2.9972127428970019]
[-2.4818018800997317, -1.0246075149041616, 3, -2.9972125935987464]
[-2.4818018800997317, -1.0245762425463565, 3, -2.9971953304733137]
[-2.4818018800997317, -1.0245762425463565, 3, -2.9971870724507506]
[-2.4818018800997317, -1.0245762425463565, 3, -2.9971870724507506]
[-2.4818018800997317, -1.0245762425463565, 3, -2.9971870724507506]
[-2.4898735688275977, -1.0245762425463565, 3, -2.9875881947304737]
[2.9485328532069035, -0.4511594432765542, 20, -2.928327057822953]
[2.9485328532069035, -0.4511594432765542, 19, -2.9008916696254947]
[2.9485328532069035, -0.45516313536587605, 19, -2.900884495229993]
[2.9485328532069035, -0.4511594432765542, 19, -2.9008699569774046]
[2.9485328532069035, -0.4511594432765542, 19, -2.9008638181877124]
[-3.002864104686947, -1.0035543868165857, 18, -2.9003622959541469]
[-2.4818018800997317, -1.0245762425463565, 2, -2.8979838608735715]
[-2.4818018800997317, -1.0245762425463565, 2, -2.8979838608735715]
[-2.4818018800997317, -1.0245762425463565, 2, -2.8979838608735715]
[-2.4818018800997317, -1.0245762425463565, 2, -2.8979838608735715]
[-2.4818018800997317, -1.0245762425463565, 2, -2.897976545001248]
[-2.4818018800997317, -1.0245762425463565, 2, -2.897976545001248]
[-2.4818018800997317, -1.0245762425463565, 2, -2.897976545001248]
[-2.4818018800997317, -1.0245762425463565, 2, -2.897976545001248]
[-2.4818018800997317, -1.0245762425463565, 2, -2.8884492344888231]
[-2.4818018800997317, -1.0245762425463565, 2, -2.8884492344888231]
[-2.4818018800997317, -1.0245762425463565, 2, -2.8884235640425717]
[-2.4818018800997317, -1.0245762425463565, 2, -2.8884235640425717]
[-2.486963811834211, -1.0245762425463565, 2, -2.8883888741164139]
[2.9485328532069035, -0.45516313536587605, 18, -2.8739492234121418]
[2.9485328532069035, -0.45516313536587605, 18, -2.8739430572031743]
[-3.002864104686947, -1.0035543868165857, 17, -2.8645593477320359]
[-3.002864104686947, -1.0035543868165857, 17, -2.8645542534722956]
[2.9485328532069035, -0.4511594432765542, 18, -2.8644651790054239]
[2.9485328532069035, -0.4511594432765542, 18, -2.8644651790054239]
[2.9485328532069035, -0.4511594432765542, 18, -2.8644589801567859]
[2.9485328532069035, -0.4511594432765542, 18, -2.8644434663573337]
[2.9485328532069035, -0.4511594432765542, 18, -2.8644434663573337]
[2.9485328532069035, -0.4511594432765542, 18, -2.8644373275676416]
[2.9485328532069035, -0.4511594432765542, 18, -2.8644373275676416]
[2.9485328532069035, -0.45516313536587605, 17, -2.8381468021541663]
[2.9485328532069035, -0.45516313536587605, 17, -2.8381405784792184]
[2.9485328532069035, -0.45516313536587605, 17, -2.8381250833612564]
[2.9485328532069035, -0.45516313536587605, 17, -2.8381189171522889]
[-2.5466641706017663, -1.0245762425463565, 2, -2.7830521341960925]
[-3.0042396036172097, -1.536973825183884, 15, -2.7735653059962604]
[-2.4818018800997317, -1.0245762425463565, 1, -2.7672319257134363]
[-2.4818018800997317, -1.0245762425463565, 1, -2.7672319257134363]
[-2.4818018800997317, -1.0245762425463565, 1, -2.7672319257134363]
[-2.4818018800997317, -1.0245762425463565, 1, -2.7672319257134363]
[-2.4818018800997317, -1.0245762425463565, 1, -2.7672246098411128]
[-2.4818018800997317, -1.0245762425463565, 1, -2.7672246098411128]
[-2.4818018800997317, -1.0245762425463565, 1, -2.7672246098411128]
[-2.4818018800997317, -1.0245762425463565, 1, -2.7672246098411128]
[-2.4818018800997317, -1.0245762425463565, 1, -2.7672102369238174]
[-2.4818018800997317, -1.0245762425463565, 1, -2.7672102369238174]
[-2.4818018800997317, -1.0245762425463565, 1, -2.7671928048895458]
[-2.4818018800997317, -1.0245762578160624, 1, -2.7671928048165029]
[-2.4818018800997317, -1.0245762425463565, 1, -2.7671845664775661]
[-2.4818018800997317, -1.0245762425463565, 1, -2.7671845664775661]
[-2.4818018800997317, -1.0245762425463565, 1, -2.7671845664775661]
[-2.4818018800997317, -1.0246075301738675, 1, -2.7671844169385946]
[-2.483553132136821, -1.0245762425463565, 1, -2.7576768347971141]
[-2.9942028831513943, -1.0245762425463565, 13, -2.7478957883844162]
[-2.994296211594219, -1.0247326196050879, 11, -2.6767023165101627]
[-3.0718829656656563, -1.0245762425463565, 14, -2.6749538206052104]
[-3.058214498334422, -1.0247013319775768, 13, -2.6615581199893663]
[-2.4818018800997317, 0.858359929277543, 20, -2.6473416756338302]
[-2.4818018800997317, 0.858359929277543, 19, -2.6103716371931522]
[-2.4818018800997317, 0.858359929277543, 19, -2.6103596266737812]
[-2.4818018800997317, -1.0245762425463565, 0, -2.6038199829061579]
[-2.4818018800997317, -1.0245762425463565, 0, -2.6038199829061579]
[-2.4818018800997317, -1.0245762425463565, 0, -2.6038199829061579]
[-2.4818018800997317, -1.0245762425463565, 0, -2.6038199829061579]
[-2.4818018800997317, -1.0245762425463565, 0, -2.6038126670338344]
[-2.4818018800997317, -1.0245762425463565, 0, -2.6038126670338344]
[-2.4818018800997317, -1.0245762425463565, 0, -2.6038126670338344]
[-2.4818018800997317, -1.0245762425463565, 0, -2.6038126670338344]
[-2.4818018800997317, -1.0245762425463565, 0, -2.603798294116539]
[-2.4818018800997317, -1.0245762425463565, 0, -2.603798294116539]
[-2.4818018800997317, -1.0245762425463565, 0, -2.603798294116539]
[-2.4818018800997317, -1.0245762425463565, 0, -2.6037726236702876]
[-2.4818018800997317, -1.0245762425463565, 0, -2.6037726236702876]
[-3.0660350309386653, -2.0494339678067277, 14, -2.5652502543052362]
[-2.5479741892154477, -2.049465240164533, 0, -2.5111555932036231]
[-2.9982336007115515, -1.0245762425463565, 7, -2.4983425878048648]
[-2.549944836387764, -1.0247013472472828, 0, -2.4983373338170374]
[-2.5538258268461345, -1.0245762425463565, 0, -2.4983182410513005]
[-3.002333490039705, -1.0245762425463565, 7, -2.4983164408817253]
[-3.263360888772844, -0.4511594432765542, 18, -2.4422211998864363]
[-2.9953252714356715, -2.049465224894827, 5, -2.3558222379165001]
[-3.0652537144415537, -1.0246075149041616, 5, -2.3127561688048006]
[-3.0730717695360052, -1.0245762425463565, 5, -2.3031344472397386]
[-2.994762853808343, -2.049465240164533, 3, -2.2630995176184814]
[-3.7005714413399997, -1.721150194818128, 20, -2.1453648617642846]
[-3.7005714413399997, -1.721150194818128, 19, -2.1274206985138657]
[-3.7005714413399997, -1.721150194818128, 19, -2.1274143996032508]
[-3.515823898810772, -1.0245762425463565, 12, -2.1208994812630477]
[-3.073945238708583, -1.0245762425463565, 2, -2.1111740493000863]
[-3.5769010009896265, -1.0245762425463565, 13, -2.0946365422807953]
[-3.579339725728426, -0.4511594432765542, 16, -2.0632553954288717]
[-3.51710773369616, -1.0245762425463565, 10, -2.0620315916315981]
[-3.071193477362759, -1.0245762425463565, 1, -2.0280397583949314]
[-3.510568665355454, -1.0245762425463565, 8, -2.001055760138942]
[-3.5148539250965305, -1.0245762425463565, 8, -2.0010095388501266]
[-3.7066959447987564, -0.4511594432765542, 18, -1.9901043693595879]
[-3.506599251847298, -1.0245762425463565, 7, -1.9695884097391665]
[-3.5072850372465005, -1.0245762425463565, 6, -1.9319952294578648]
[2.130177718315596, 1.8157357829909824, 20, -1.9316784331079009]
[2.130177718315596, 1.8157357829909824, 19, -1.8947096600547924]
[2.130177718315596, 1.8157357829909824, 19, -1.8946988356221386]
[3.845658862057692, -0.4511594432765542, 18, -1.8744344588881354]
[-3.5078509020099493, -2.049465224894827, 0, -1.7411959179703815]
[3.5633374957084447, 0.9417555810726865, 20, -1.6074106580712506]
[3.5633374957084447, 0.9417555810726865, 19, -1.5894896052457903]
[3.5633374957084447, 0.9417555810726865, 19, -1.5894664948208317]
[-4.098930481283422, -1.0246075149041616, 0, 100.0]
[-4.022404567128966, -4.098805391852202, 1, 100.15051499783199]
[-2.4818018800997317, -4.098805391852202, 1, 100.15051499783199]
[-4.0902961000735205, -3.074072771292757, 2, 100.23856062735983]
[-4.021934477778721, -1.0245762425463565, 2, 100.23856062735983]
[-2.994699851001554, -4.098930481283422, 2, 100.23856062735983]
[-2.4818018800997317, -4.098899208925617, 2, 100.23856062735983]
[-4.0947370230145745, -1.0245762425463565, 3, 100.30102999566398]
[-4.094363251152097, -1.0245762425463565, 4, 100.34948500216801]
[-3.5747094622508997, -4.098774104224691, 4, 100.34948500216801]
[-3.515887386430726, -4.098930466013716, 4, 100.34948500216801]
[-3.0047397475662088, -3.074041483665246, 4, 100.34948500216801]
[-4.018904231353034, -1.0245762425463565, 5, 100.38907562519182]
[-3.512822202917803, -3.0741665883661726, 5, 100.38907562519182]
[-3.07316242196286, -3.0741665883661726, 5, 100.38907562519182]
[-2.4818018800997317, -4.098930481283422, 8, 100.47712125471966]
[-4.030253176905042, -3.0741978607239773, 9, 100.5]
[-2.546097851564565, -4.098805391852202, 9, 100.5]
[-4.098930481283422, -3.0741978607239773, 11, 100.53959062302381]
[-4.02884909690265, -1.0245762425463565, 11, 100.53959062302381]
[-3.0582139791644196, -4.098930481283422, 11, 100.53959062302381]
[-4.019277583298598, -1.0247013319775768, 12, 100.55697167615342]
[-2.550851765303525, -4.098899193655911, 12, 100.55697167615342]
[-2.546349492501352, -4.098930466013716, 12, 100.55697167615342]
[-2.4888704216771584, -4.098774119494396, 12, 100.55697167615342]
[-4.098805113180068, -1.0245762425463565, 14, 100.58804562952784]
[-4.0193403379726655, -3.0741665883661726, 14, 100.58804562952784]
[-2.5536054162754613, -4.098899193655911, 14, 100.58804562952784]
[-2.4818018800997317, -4.098930466013716, 14, 100.58804562952784]
[-4.095114242013173, -0.4511594432765542, 15, 100.60205999132796]
[-4.0930485523735385, -1.5369425528260785, 15, 100.60205999132796]
[-3.584280311622742, -2.5417859690911486, 15, 100.60205999132796]
[-2.4818018800997317, -4.098899208925617, 15, 100.60205999132796]
[-2.4818018800997317, -4.074912317958173, 15, 100.60205999132796]
[-4.03328979461554, -0.9756633374294039, 16, 100.61522446068913]
[-4.093925926773415, -4.098929504022241, 17, 100.62763625255165]
[-4.092828951097281, -3.5303990163856347, 17, 100.62763625255165]
[-4.082946851674013, -0.48318234148646333, 17, 100.62763625255165]
[-2.9969856420003156, -4.078878041923626, 17, 100.62763625255165]
[-2.1665611520995354, -0.4511594432765542, 18, 100.63937680047641]
[-1.5291833452696824, -0.4511594432765542, 18, 100.63937680047641]
[-1.0217128749196744, -4.038728254998808, 18, 100.63937680047641]
[0.5148085021961322, -2.049428104239639, 18, 100.63937680047641]
[1.872810651337434, -0.4511594432765542, 18, 100.63937680047641]
[-3.579086370767145, -3.208570280637132, 19, 100.65051499783199]
[-3.318776025973588, -2.500755652663459, 19, 100.65051499783199]
[-0.5094391391410449, -1.491936743638548, 19, 100.65051499783199]
[0.2585608879012753, -0.4511594432765542, 19, 100.65051499783199]
[0.3842923453612599, -0.4511594432765542, 19, 100.65051499783199]
[2.568307875563174, -3.769526854781734, 19, 100.65051499783199]
[3.9182266107511454, -1.5119177035960338, 19, 100.65051499783199]
[-2.8892140023166073, -3.243420467975967, 20, 100.66110964736696]
[-2.4387133141966366, 3.565998906204105, 20, 100.66110964736696]
[-1.4319508108301373, 1.776400163426934, 20, 100.66110964736696]
[-1.2710144393095981, -1.2218212549223315, 20, 100.66110964736696]
[-1.078081217788804, -1.29085814369764, 20, 100.66110964736696]
[-0.25990128941238977, 0.0767127914964858, 20, 100.66110964736696]
[-0.08138018899019261, 2.1658414813140956, 20, 100.66110964736696]
[0.04209714302376266, -1.00796155798133, 20, 100.66110964736696]
[1.0992328373885316, 1.9886901536824269, 20, 100.66110964736696]
[1.5175441684165012, 0.3191889633805429, 20, 100.66110964736696]
[1.5546475726538596, -3.9801172752286713, 20, 100.66110964736696]
[2.5484284610590313, -3.44126930751312, 20, 100.66110964736696]
[-2.548912359949603, -3.0741665730964662, 0, 200.0]
[-2.4818018800997317, -2.0494339525370218, 0, 200.0]
[-2.4848050418844734, -2.049308863105801, 2, 200.23856062735982]
[-2.4818018800997317, -2.049308878375507, 3, 200.30102999566398]
[-2.4818018800997317, -3.074041483665246, 4, 200.34948500216802]
[-2.4818018800997317, -3.0741665730964662, 5, 200.38907562519182]
[-2.4818018800997317, -3.074072756023051, 7, 200.45154499349596]
[-2.4818018800997317, -2.049308863105801, 8, 200.47712125471966]
[-2.4818018800997317, -2.0494339678067277, 10, 200.5206963425791]
[-2.4920927151946994, -3.0741978607239773, 12, 200.55697167615341]
[-2.4874015866692183, -2.049340135463606, 12, 200.55697167615341]
[-2.4818018800997317, -2.049465224894827, 13, 200.57306401783913]
[-2.4818018800997317, -2.049308863105801, 13, 200.57306401783913]
[-2.4818018800997317, -3.074041483665246, 14, 200.58804562952784]
[-2.556167577499812, -2.5016322616693243, 15, 200.60205999132796]
[-2.4818018800997317, -3.0740365973593384, 15, 200.60205999132796]
[-1.639565505336515, -2.1553351811244728, 20, 200.66110964736697]
[-0.21484870911550535, -3.4402537651788685, 20, 200.66110964736697]
[1.6814823274482453, -1.736924427132288, 20, 200.66110964736697]
