[-2.247314271254694, -1.7546470852428289, 0, 0.15422797465037222]
[-2.247314271254694, -1.7546202803647102, 0, 0.154249467839781]
[-2.247314271254694, -1.7546202803647102, 0, 0.154249467839781]
[-2.247314271254694, -1.7546202803647102, 0, 0.154249467839781]
[-2.247314271254694, -1.7546202803647102, 1, 0.30476446567177162]
[-2.247314271254694, -1.7546202803647102, 1, 0.30476446567177162]
[-2.247314271254694, -1.7546202803647102, 1, 0.30476446567177162]
[-2.247314271254694, -1.7546202803647102, 2, 0.39281009519961219]
[-2.247314271254694, -1.7546202803647102, 2, 0.39281009519961219]
[-2.247314271254694, -1.7546202803647102, 2, 0.39281009519961219]
[-2.247314271254694, -1.7546202803647102, 3, 0.45527946350376219]
[-2.247314271254694, -1.7546202803647102, 3, 0.45527946350376219]
[-2.247314271254694, -1.7546202803647102, 3, 0.45527946350376219]
[-2.2473209741102638, -1.7511859053557508, 3, 0.45804110384487806]
[-2.247314271254694, -1.7546202803647102, 4, 0.50373447000779037]
[-2.247314271254694, -1.7546202803647102, 4, 0.50373447000779037]
[-2.2473209741102638, -1.7511859053557508, 4, 0.50649611034890629]
[-2.247314271254694, -1.7546202803647102, 5, 0.5433250930316027]
[-2.247314271254694, -1.7511859053557508, 5, 0.5456751900229222]
[-2.2473209741102638, -1.7511859053557508, 5, 0.54608673337271862]
[-2.2464564906142965, -1.7366040516591739, 5, 0.55656747569646003]
[-2.247314271254694, -1.7511859053557508, 6, 0.57917556864057973]
[-2.2464564889782563, -1.7428261601691177, 6, 0.58505103786195989]
[-2.2464564906142965, -1.7366040516591739, 6, 0.59006750002150721]
[-2.2464564889782563, -1.7366040516591739, 7, 0.61906347191550959]
[-2.2464564889782563, -1.7366040516591739, 7, 0.61906347191550959]
[-2.2464564906142965, -1.7366040516591739, 7, 0.61906347351035051]
[-2.2464564889782563, -1.7366040516591739, 8, 0.64463973313920031]
[-2.2464564889782563, -1.7366040516591739, 8, 0.64535906636720919]
[-2.2464564906142965, -1.7366040516591739, 8, 0.64535906795585773]
[-2.2464564889782563, -1.7366040516591739, 9, 0.66414373042426811]
[-2.3013529071780483, -1.7366040516591739, 7, 0.67888650468963307]
[-2.5252339553531433, -1.7566576866914811, 2, 0.69074987410695821]
[-2.4154344668152277, -1.7546202803647102, 4, 0.69629496820263748]
[-2.2464564889782563, -1.1807780400922163, 8, 1.1123368069778856]
[-2.2464564889782563, -1.1807780400922163, 9, 1.1355917535041287]
[-2.2464564889782563, -1.1807780400922163, 9, 1.1355917535041287]
[-2.247314271254694, -1.7546202803647102, 0, 2.4832544445948126]
[-1.1391668239668475, -2.157837425249668, 9, 2.5026692991528452]
[-2.2464564889782563, -1.1807780400922163, 9, 2.7808440611492542]
[-2.2464564889782563, -1.1807780400922163, 9, 2.7808440611492542]
[-2.5217962248262995, -1.7546202803647102, 3, 2.8122053377519221]
[-2.247314271254694, -1.7546202803647102, 4, 2.832739446762822]
[-2.247314271254694, -1.7511859053557508, 5, 2.8710889362782845]
[-2.525227247589454, -1.7511859053557508, 5, 2.899426948475412]
[-2.2464564889782563, -1.7366040516591739, 8, 2.9538376210272119]
[-2.2464564889782563, -1.7401422955708434, 8, 2.955115791104054]
[-2.247314271254694, -1.7546202803647102, 0, 50.0]
[-2.247314271254694, -1.7546202803647102, 0, 50.0]
[-2.247314271254694, -1.7546202803647102, 0, 50.0]
[-2.247314271254694, -1.7546202803647102, 0, 50.0]
[-2.247314271254694, -1.7546202803647102, 1, 50.150514997831991]
[-2.247314271254694, -1.7546202803647102, 1, 50.150514997831991]
[-2.247314271254694, -1.7546202803647102, 1, 50.150514997831991]
[-2.247314271254694, -1.7546202803647102, 1, 50.150514997831991]
[-2.247314271254694, -1.7546202803647102, 2, 50.238560627359831]
[-2.247314271254694, -1.7546202803647102, 2, 50.238560627359831]
[-2.247314271254694, -1.7546202803647102, 2, 50.238560627359831]
[-2.247314271254694, -1.7546202803647102, 2, 50.238560627359831]
[-2.247314271254694, -1.7546202803647102, 3, 50.301029995663981]
[-2.247314271254694, -1.7546202803647102, 3, 50.301029995663981]
[-2.247314271254694, -1.7546202803647102, 3, 50.301029995663981]
[-2.247314271254694, -1.7546202803647102, 3, 50.301029995663981]
[-2.247314271254694, -1.7546202803647102, 4, 50.349485002168009]
[-2.247314271254694, -1.7546202803647102, 4, 50.349485002168009]
[-2.247314271254694, -1.7511859053557508, 4, 50.349485002168009]
[-2.247314271254694, -1.7511859053557508, 4, 50.349485002168009]
[-2.247314271254694, -1.7511859053557508, 5, 50.389075625191822]
[-2.247314271254694, -1.7511859053557508, 5, 50.389075625191822]
[-2.2464564889782563, -1.7428261601691177, 5, 50.389075625191822]
[-2.2464564889782563, -1.7428261601691177, 5, 50.389075625191822]
[-2.2464564889782563, -1.7366040516591739, 6, 50.422549020007125]
[-2.2464564889782563, -1.7366040516591739, 6, 50.422549020007125]
[-2.2464564889782563, -1.7366040516591739, 6, 50.422549020007125]
[-2.2464564889782563, -1.7366040516591739, 6, 50.422549020007125]
[-2.2464564889782563, -1.7366040516591739, 7, 50.451544993495972]
[-2.2464564889782563, -1.7366040516591739, 7, 50.451544993495972]
[-2.2464564889782563, -1.7366040516591739, 7, 50.451544993495972]
[-2.2464564889782563, -1.7366040516591739, 7, 50.451544993495972]
[-2.2464564889782563, -1.7366040516591739, 8, 50.477121254719663]
[-2.2464564889782563, -1.7366040516591739, 8, 50.477121254719663]
[-2.2464564889782563, -1.1807780400922163, 8, 50.477121254719663]
[-2.2464564889782563, -1.1807780400922163, 8, 50.477121254719663]
[-2.2464564889782563, -1.1807780400922163, 9, 50.5]
[-2.2464564889782563, -1.1807780400922163, 9, 50.5]
[-1.1731995857714028, -3.2945000586128206, 9, 50.5]
[-1.1731995857714028, -3.2945000586128206, 9, 50.5]
[-2.2464564889782563, -1.1807780400922163, 10, 50.520696342579114]
[-1.1731995857714028, -3.2945000586128206, 10, 50.520696342579114]
[-1.1391668239668475, -2.157837425249668, 10, 50.520696342579114]
[-3.509937959558025, -1.7546202803647102, 0, 100.0]
[-3.4550348679513823, -1.7546202803647102, 1, 100.15051499783199]
[-3.2937767195531973, -3.511331787043559, 1, 100.15051499783199]
[-2.247314271254694, -3.5133689839572195, 1, 100.15051499783199]
[-3.4550415691709118, -3.5114120184414435, 2, 100.23856062735983]
[-3.290345690245883, -1.754754514168414, 2, 100.23856062735983]
[-2.247314271254694, -3.51151942119039, 3, 100.30102999566398]
[-2.247314271254694, -3.51130477275233, 4, 100.34948500216801]
[-3.40014515260716, -1.7366040516591739, 6, 100.42254902000712]
[-3.2380225403454874, -1.7366040516591739, 6, 100.42254902000712]
[-2.2464564889782563, -3.5133689839572195, 6, 100.42254902000712]
[-3.180552883295018, -1.7395025646955082, 7, 100.45154499349597]
[-2.2464564889782563, -3.495222055294216, 7, 100.45154499349597]
[-2.7679218370748835, -3.2467190578063647, 10, 100.52069634257911]
[0.6590079435668219, 0.021885604643811618, 10, 100.52069634257911]
[1.0002097795458935, 1.44532231741898, 10, 100.52069634257911]
[1.2333670971975383, -3.2910929940183165, 10, 100.52069634257911]
[2.3930677429126765, 3.2991723432304543, 10, 100.52069634257911]
[1.8976798012382847, 2.4224713706526, 10, 241.76075852051989]
[-1.8495379391057405, 2.761283138810912, 10, 242.5694030088568]
